sentence_id	token_id	token	surprisal
1	1	The	0.0
1	2	actor	14.968037
1	3	won	11.775848
1	4	the	3.046977
1	5	battle	9.53739
1	6	.	2.074499
2	1	The	0.0
2	2	actor	14.968037
2	3	won	11.775848
2	4	the	3.046977
2	5	award	10.658655
2	6	.	2.09804
3	1	The	0.0
3	2	anchorman	19.782864
3	3	told	9.398808
3	4	the	2.392669
3	5	parable	18.710239
3	6	.	5.929293
4	1	The	0.0
4	2	anchorman	19.782864
4	3	told	9.398808
4	4	the	2.392669
4	5	news	7.446299
4	6	.	4.073204
5	1	The	0.0
5	2	animal	13.960044
5	3	found	11.999892
5	4	the	3.948385
5	5	map	14.57786
5	6	.	2.749524
6	1	The	0.0
6	2	animal	13.960044
6	3	found	11.999892
6	4	the	3.948385
6	5	food	10.902449
6	6	.	4.201524
7	1	The	0.0
7	2	ant	19.979069
7	3	stacked	17.901335
7	4	the	5.021717
7	5	suitcase	14.861268
7	6	.	1.731741
8	1	The	0.0
8	2	ant	19.979069
8	3	stacked	17.901335
8	4	the	5.021717
8	5	supply	11.816064
8	6	.	3.100842
9	1	The	0.0
9	2	archeologist	22.464739
9	3	examined	17.459019
9	4	the	2.867889
9	5	dog	13.273757
9	6	.	2.358372
10	1	The	0.0
10	2	archeologist	22.464739
10	3	examined	17.459019
10	4	the	2.867889
10	5	epigraph	22.068342
10	6	.	3.132683
11	1	The	0.0
11	2	UNK-LC-er	12.617924
11	3	released	16.784357
11	4	the	4.85139
11	5	interview	11.546399
11	6	.	1.510308
12	1	The	0.0
12	2	UNK-LC-er	12.617924
12	3	released	16.784357
12	4	the	4.85139
12	5	arrow	18.254278
12	6	.	2.368888
13	1	The	0.0
13	2	artist	13.245826
13	3	assembled	15.460702
13	4	the	4.463649
13	5	tent	13.510381
13	6	.	2.362879
14	1	The	0.0
14	2	artist	13.245826
14	3	assembled	15.460702
14	4	the	4.463649
14	5	art	10.613348
14	6	.	3.239746
15	1	The	0.0
15	2	artist	13.245826
15	3	hung	15.997091
15	4	the	5.806833
15	5	motorcycle	14.523518
15	6	.	2.980141
16	1	The	0.0
16	2	artist	13.245826
16	3	hung	15.997091
16	4	the	5.806833
16	5	picture	8.336528
16	6	.	2.578807
17	1	The	0.0
17	2	assistant	13.922644
17	3	helped	15.814515
17	4	the	3.924424
17	5	soldier	15.632668
17	6	.	3.435414
18	1	The	0.0
18	2	assistant	13.922644
18	3	helped	15.814515
18	4	the	3.924424
18	5	cook	18.225246
18	6	.	2.85317
19	1	The	0.0
19	2	astronaut	19.243296
19	3	reached	14.204653
19	4	the	2.863184
19	5	baker	19.389881
19	6	.	3.184144
20	1	The	0.0
20	2	astronaut	19.243296
20	3	reached	14.204653
20	4	the	2.863184
20	5	moon	12.989874
20	6	.	2.004361
21	1	The	0.0
21	2	astronaut	19.243296
21	3	touched	16.645098
21	4	the	4.306839
21	5	guitar	13.613835
21	6	.	2.511717
22	1	The	0.0
22	2	astronaut	19.243296
22	3	touched	16.645098
22	4	the	4.306839
22	5	ground	9.835386
22	6	.	2.784465
23	1	The	0.0
23	2	athlete	17.961658
23	3	celebrated	15.796804
23	4	the	3.621055
23	5	marriage	11.529329
23	6	.	2.090376
24	1	The	0.0
24	2	athlete	17.961658
24	3	celebrated	15.796804
24	4	the	3.621055
24	5	victory	12.482986
24	6	.	2.444182
25	1	The	0.0
25	2	athlete	17.961658
25	3	started	11.200727
25	4	the	4.130971
25	5	vacuum	14.644611
25	6	.	1.658829
26	1	The	0.0
26	2	athlete	17.961658
26	3	started	11.200727
26	4	the	4.130971
26	5	match	11.936423
26	6	.	1.761311
27	1	The	0.0
27	2	athlete	17.961658
27	3	won	10.685791
27	4	the	2.94943
27	5	toy	14.088618
27	6	.	2.950644
28	1	The	0.0
28	2	athlete	17.961658
28	3	won	10.685791
28	4	the	2.94943
28	5	cup	11.540318
28	6	.	2.356883
29	1	The	0.0
29	2	author	11.49136
29	3	signed	13.321626
29	4	the	4.56953
29	5	check	11.018068
29	6	.	2.782875
30	1	The	0.0
30	2	author	11.49136
30	3	signed	13.321626
30	4	the	4.56953
30	5	book	7.225977
30	6	.	2.811473
31	1	The	0.0
31	2	baker	17.339138
31	3	gathered	14.771876
31	4	the	6.183798
31	5	soldier	15.793489
31	6	.	2.627431
32	1	The	0.0
32	2	baker	17.339138
32	3	gathered	14.771876
32	4	the	6.183798
32	5	bread	14.385745
32	6	.	2.584407
33	1	The	0.0
33	2	baker	17.339138
33	3	sold	11.24229
33	4	the	3.900198
33	5	stroller	17.685982
33	6	.	2.319341
34	1	The	0.0
34	2	baker	17.339138
34	3	sold	11.24229
34	4	the	3.900198
34	5	bread	12.763554
34	6	.	2.623572
35	1	The	0.0
35	2	bank	9.00043
35	3	assigned	14.927723
35	4	the	3.950207
35	5	book	10.201244
35	6	.	2.892685
36	1	The	0.0
36	2	bank	9.00043
36	3	assigned	14.927723
36	4	the	3.950207
36	5	code	12.725305
36	6	.	3.129303
37	1	The	0.0
37	2	barber	18.466751
37	3	cut	13.234217
37	4	the	4.663431
37	5	cake	12.822458
37	6	.	2.455508
38	1	The	0.0
38	2	barber	18.466751
38	3	cut	13.234217
38	4	the	4.663431
38	5	hair	10.639429
38	6	.	2.948974
39	1	The	0.0
39	2	barber	18.466751
39	3	used	9.713278
39	4	the	5.398889
39	5	microscope	16.791384
39	6	.	2.204735
40	1	The	0.0
40	2	barber	18.466751
40	3	used	9.713278
40	4	the	5.398889
40	5	razor	12.494856
40	6	.	3.21865
41	1	The	0.0
41	2	bartender	17.449051
41	3	handed	14.466708
41	4	the	3.60264
41	5	UNK-LC	9.177091
41	6	.	3.549569
42	1	The	0.0
42	2	bartender	17.449051
42	3	handed	14.466708
42	4	the	3.60264
42	5	drink	13.815899
42	6	.	3.876894
43	1	The	0.0
43	2	bartender	17.449051
43	3	shook	16.064631
43	4	the	3.038669
43	5	flag	9.913177
43	6	.	1.920658
44	1	The	0.0
44	2	bartender	17.449051
44	3	shook	16.064631
44	4	the	3.038669
44	5	drink	12.574999
44	6	.	2.253209
45	1	The	0.0
45	2	beautician	19.963764
45	3	spread	15.411937
45	4	the	4.435369
45	5	paint	12.96864
45	6	.	3.143577
46	1	The	0.0
46	2	beautician	19.963764
46	3	spread	15.411937
46	4	the	4.435369
46	5	cream	13.391006
46	6	.	3.322818
47	1	The	0.0
47	2	biker	19.954506
47	3	started	12.190313
47	4	the	3.895923
47	5	lesson	14.825193
47	6	.	3.067118
48	1	The	0.0
48	2	biker	19.954506
48	3	started	12.190313
48	4	the	3.895923
48	5	motorcycle	15.107936
48	6	.	2.885785
49	1	The	0.0
49	2	biker	19.954506
49	3	wore	13.371241
49	4	the	3.68133
49	5	swimsuit	15.038667
49	6	.	3.993963
50	1	The	0.0
50	2	biker	19.954506
50	3	wore	13.371241
50	4	the	3.68133
50	5	helmet	10.451879
50	6	.	2.202297
51	1	The	0.0
51	2	billionaire	16.349398
51	3	donated	16.839947
51	4	the	4.414659
51	5	book	9.607778
51	6	.	2.637952
52	1	The	0.0
52	2	billionaire	16.349398
52	3	donated	16.839947
52	4	the	4.414659
52	5	money	6.325743
52	6	.	2.828826
53	1	The	0.0
53	2	UNK-LC	9.832897
53	3	collected	15.885129
53	4	the	4.957045
53	5	flower	15.836106
53	6	.	2.980479
54	1	The	0.0
54	2	UNK-LC	9.832897
54	3	collected	15.885129
54	4	the	4.957045
54	5	trash	13.251464
54	6	.	2.203637
55	1	The	0.0
55	2	biologist	19.228989
55	3	used	10.394843
55	4	the	4.488935
55	5	razor	14.891887
55	6	.	3.453845
56	1	The	0.0
56	2	biologist	19.228989
56	3	used	10.394843
56	4	the	4.488935
56	5	microscope	17.345354
56	6	.	2.364387
57	1	The	0.0
57	2	UNK-LC	9.832897
57	3	poured	17.404306
57	4	the	4.440655
57	5	wine	11.839909
57	6	.	3.971575
58	1	The	0.0
58	2	UNK-LC	9.832897
58	3	poured	17.404306
58	4	the	4.440655
58	5	metal	11.008266
58	6	.	3.869567
59	1	The	0.0
59	2	bodybuilder	21.460146
59	3	lifted	17.291613
59	4	the	2.60717
59	5	flag	11.156981
59	6	.	2.346672
60	1	The	0.0
60	2	bodybuilder	21.460146
60	3	lifted	17.291613
60	4	the	2.60717
60	5	weight	10.540697
60	6	.	4.997589
61	1	The	0.0
61	2	boss	12.565614
61	3	assigned	13.645036
61	4	the	3.701847
61	5	medal	14.018944
61	6	.	2.832342
62	1	The	0.0
62	2	boss	12.565614
62	3	assigned	13.645036
62	4	the	3.701847
62	5	job	7.028822
62	6	.	2.610514
63	1	The	0.0
63	2	boss	12.565614
63	3	promised	13.379998
63	4	the	4.260423
63	5	heaven	21.0364
63	6	.	3.376905
64	1	The	0.0
64	2	boss	12.565614
64	3	promised	13.379998
64	4	the	4.260423
64	5	promotion	11.84052
64	6	.	3.173901
65	1	The	0.0
65	2	botanist	20.312735
65	3	examined	17.373228
65	4	the	2.461407
65	5	tire	14.862575
65	6	.	3.342044
66	1	The	0.0
66	2	botanist	20.312735
66	3	examined	17.373228
66	4	the	2.461407
66	5	plant	10.56915
66	6	.	2.091779
67	1	The	0.0
67	2	boxer	17.36681
67	3	delivered	15.472238
67	4	the	4.07638
67	5	drink	13.142105
67	6	.	2.490936
68	1	The	0.0
68	2	boxer	17.36681
68	3	delivered	15.472238
68	4	the	4.07638
68	5	punch	13.075393
68	6	.	2.627482
69	1	The	0.0
69	2	breeder	18.93321
69	3	sold	12.266906
69	4	the	4.554253
69	5	cigarette	12.528698
69	6	.	2.467571
70	1	The	0.0
70	2	breeder	18.93321
70	3	sold	12.266906
70	4	the	4.554253
70	5	dog	10.614243
70	6	.	2.57709
71	1	The	0.0
71	2	burglar	18.284325
71	3	climbed	16.803604
71	4	the	5.450222
71	5	rock	11.740017
71	6	.	2.389858
72	1	The	0.0
72	2	burglar	18.284325
72	3	climbed	16.803604
72	4	the	5.450222
72	5	wall	8.825831
72	6	.	2.045061
73	1	The	0.0
73	2	businessman	14.029622
73	3	read	12.412779
73	4	the	3.108104
73	5	fable	16.234591
73	6	.	2.316015
74	1	The	0.0
74	2	businessman	14.029622
74	3	read	12.412779
74	4	the	3.108104
74	5	report	8.339441
74	6	.	1.896016
75	1	The	0.0
75	2	businessman	14.029622
75	3	tied	16.708162
75	4	the	4.126087
75	5	prisoner	16.952396
75	6	.	4.158834
76	1	The	0.0
76	2	businessman	14.029622
76	3	tied	16.708162
76	4	the	4.126087
76	5	necktie	16.36396
76	6	.	3.286253
77	1	The	0.0
77	2	businessman	14.029622
77	3	wore	14.875025
77	4	the	3.514734
77	5	uniform	13.105737
77	6	.	3.581537
78	1	The	0.0
78	2	businessman	14.029622
78	3	wore	14.875025
78	4	the	3.514734
78	5	tie	11.829794
78	6	.	2.663548
79	1	The	0.0
79	2	butcher	16.802965
79	3	carved	14.06761
79	4	the	4.901783
79	5	stone	11.159818
79	6	.	2.336843
80	1	The	0.0
80	2	butcher	16.802965
80	3	carved	14.06761
80	4	the	4.901783
80	5	meat	10.710163
80	6	.	2.879832
81	1	The	0.0
81	2	butcher	16.802965
81	3	cut	13.01698
81	4	the	4.088285
81	5	tree	12.494933
81	6	.	2.876106
82	1	The	0.0
82	2	butcher	16.802965
82	3	cut	13.01698
82	4	the	4.088285
82	5	meat	11.173679
82	6	.	3.473345
83	1	The	0.0
83	2	butcher	16.802965
83	3	sold	9.698436
83	4	the	3.969794
83	5	weapon	14.215344
83	6	.	2.47998
84	1	The	0.0
84	2	butcher	16.802965
84	3	sold	9.698436
84	4	the	3.969794
84	5	meat	10.244702
84	6	.	2.890434
85	1	The	0.0
85	2	butcher	16.802965
85	3	used	9.218986
85	4	the	4.629719
85	5	camera	10.147542
85	6	.	2.421862
86	1	The	0.0
86	2	butcher	16.802965
86	3	used	9.218986
86	4	the	4.629719
86	5	knife	13.712782
86	6	.	2.247615
87	1	The	0.0
87	2	cameraman	18.131056
87	3	recorded	14.588221
87	4	the	3.915834
87	5	sale	11.165558
87	6	.	2.654829
88	1	The	0.0
88	2	cameraman	18.131056
88	3	recorded	14.588221
88	4	the	3.915834
88	5	video	12.255461
88	6	.	2.96594
89	1	The	0.0
89	2	candidate	12.045881
89	3	celebrated	17.108986
89	4	the	3.664421
89	5	holiday	11.500213
89	6	.	2.518324
90	1	The	0.0
90	2	candidate	12.045881
90	3	celebrated	17.108986
90	4	the	3.664421
90	5	victory	11.302935
90	6	.	2.647809
91	1	The	0.0
91	2	carpenter	19.561184
91	3	fixed	18.449553
91	4	the	2.949666
91	5	shoe	14.366405
91	6	.	3.153551
92	1	The	0.0
92	2	carpenter	19.561184
92	3	fixed	18.449553
92	4	the	2.949666
92	5	chair	12.260258
92	6	.	2.395006
93	1	The	0.0
93	2	carpenter	19.561184
93	3	flipped	16.181606
93	4	the	4.495059
93	5	hair	10.667749
93	6	.	2.794411
94	1	The	0.0
94	2	carpenter	19.561184
94	3	flipped	16.181606
94	4	the	4.495059
94	5	board	11.536874
94	6	.	2.669742
95	1	The	0.0
95	2	carpenter	19.561184
95	3	grabbed	14.392085
95	4	the	3.008389
95	5	ball	6.852658
95	6	.	2.30823
96	1	The	0.0
96	2	carpenter	19.561184
96	3	grabbed	14.392085
96	4	the	3.008389
96	5	board	10.474672
96	6	.	2.333207
97	1	The	0.0
97	2	carver	19.244745
97	3	built	12.406845
97	4	the	5.967947
97	5	house	8.029646
97	6	.	2.044344
98	1	The	0.0
98	2	carver	19.244745
98	3	built	12.406845
98	4	the	5.967947
98	5	sculpture	14.626189
98	6	.	1.856997
99	1	The	0.0
99	2	cat	14.700199
99	3	chased	17.643225
99	4	the	3.369281
99	5	kite	17.329029
99	6	.	2.161184
100	1	The	0.0
100	2	cat	14.700199
100	3	chased	17.643225
100	4	the	3.369281
100	5	bird	10.864099
100	6	.	2.300795
101	1	The	0.0
101	2	cat	14.700199
101	3	drank	16.75668
101	4	the	3.957439
101	5	coffee	10.195668
101	6	.	2.891098
102	1	The	0.0
102	2	cat	14.700199
102	3	drank	16.75668
102	4	the	3.957439
102	5	milk	10.356952
102	6	.	2.543344
103	1	The	0.0
103	2	champion	15.791231
103	3	held	12.757126
103	4	the	4.457493
103	5	guitar	16.277185
103	6	.	2.33325
104	1	The	0.0
104	2	champion	15.791231
104	3	held	12.757126
104	4	the	4.457493
104	5	cup	13.941994
104	6	.	2.378149
105	1	The	0.0
105	2	chauffeur	17.813013
105	3	carried	13.675651
105	4	the	3.97806
105	5	rifle	13.770312
105	6	.	3.038056
106	1	The	0.0
106	2	chauffeur	17.813013
106	3	carried	13.675651
106	4	the	3.97806
106	5	passenger	12.703255
106	6	.	3.676275
107	1	The	0.0
107	2	cheerleader	20.428944
107	3	carried	15.656618
107	4	the	3.663786
107	5	rifle	14.457623
107	6	.	2.98443
108	1	The	0.0
108	2	cheerleader	20.428944
108	3	carried	15.656618
108	4	the	3.663786
108	5	flag	10.988734
108	6	.	2.746533
109	1	The	0.0
109	2	cheerleader	20.428944
109	3	performed	16.262238
109	4	the	5.848604
109	5	spell	16.864954
109	6	.	2.768076
110	1	The	0.0
110	2	cheerleader	20.428944
110	3	performed	16.262238
110	4	the	5.848604
110	5	dance	13.390693
110	6	.	2.601165
111	1	The	0.0
111	2	cheerleader	20.428944
111	3	shook	18.458261
111	4	the	2.588646
111	5	drink	13.653533
111	6	.	2.328314
112	1	The	0.0
112	2	cheerleader	20.428944
112	3	shook	18.458261
112	4	the	2.588646
112	5	flag	10.321073
112	6	.	1.884627
113	1	The	0.0
113	2	chemist	19.557432
113	3	mixed	19.211035
113	4	the	5.339375
113	5	music	10.002114
113	6	.	2.117302
114	1	The	0.0
114	2	chemist	19.557432
114	3	mixed	19.211035
114	4	the	5.339375
114	5	substance	12.515215
114	6	.	2.502147
115	1	The	0.0
115	2	chemist	19.557432
115	3	poured	17.280645
115	4	the	4.649415
115	5	juice	13.145576
115	6	.	4.697658
116	1	The	0.0
116	2	chemist	19.557432
116	3	poured	17.280645
116	4	the	4.649415
116	5	compound	14.529314
116	6	.	4.53511
117	1	The	0.0
117	2	chemist	19.557432
117	3	sold	11.353251
117	4	the	3.781687
117	5	dog	10.367963
117	6	.	3.045846
118	1	The	0.0
118	2	chemist	19.557432
118	3	sold	11.353251
118	4	the	3.781687
118	5	drug	8.698683
118	6	.	2.902279
119	1	The	0.0
119	2	child	12.633577
119	3	ate	15.945791
119	4	the	3.831312
119	5	bone	11.807287
119	6	.	2.327511
120	1	The	0.0
120	2	child	12.633577
120	3	ate	15.945791
120	4	the	3.831312
120	5	candy	13.182232
120	6	.	2.533673
121	1	The	0.0
121	2	child	12.633577
121	3	built	13.170241
121	4	the	4.856233
121	5	sculpture	14.855608
121	6	.	2.081634
122	1	The	0.0
122	2	child	12.633577
122	3	built	13.170241
122	4	the	4.856233
122	5	snowman	20.14098
122	6	.	1.77398
123	1	The	0.0
123	2	child	12.633577
123	3	celebrated	16.884331
123	4	the	4.394971
123	5	victory	13.147386
123	6	.	2.305412
124	1	The	0.0
124	2	child	12.633577
124	3	celebrated	16.884331
124	4	the	4.394971
124	5	birthday	13.463859
124	6	.	3.177169
125	1	The	0.0
125	2	child	12.633577
125	3	chased	17.626995
125	4	the	3.902873
125	5	thief	13.501554
125	6	.	2.415566
126	1	The	0.0
126	2	child	12.633577
126	3	chased	17.626995
126	4	the	3.902873
126	5	toy	11.559018
126	6	.	3.261069
127	1	The	0.0
127	2	child	12.633577
127	3	climbed	17.780098
127	4	the	5.541285
127	5	mountain	11.569926
127	6	.	2.609403
128	1	The	0.0
128	2	child	12.633577
128	3	climbed	17.780098
128	4	the	5.541285
128	5	tree	11.762163
128	6	.	2.070659
129	1	The	0.0
129	2	child	12.633577
129	3	crossed	18.149967
129	4	the	2.72797
129	5	river	6.408768
129	6	.	1.686225
130	1	The	0.0
130	2	child	12.633577
130	3	crossed	18.149967
130	4	the	2.72797
130	5	park	10.350405
130	6	.	1.738659
131	1	The	0.0
131	2	child	12.633577
131	3	cut	14.15792
131	4	the	3.599492
131	5	tree	12.2444
131	6	.	2.647489
132	1	The	0.0
132	2	child	12.633577
132	3	cut	14.15792
132	4	the	3.599492
132	5	paper	10.535591
132	6	.	3.00211
133	1	The	0.0
133	2	child	12.633577
133	3	drank	16.782402
133	4	the	3.855104
133	5	beer	10.400881
133	6	.	2.32449
134	1	The	0.0
134	2	child	12.633577
134	3	drank	16.782402
134	4	the	3.855104
134	5	coke	14.948547
134	6	.	2.71089
135	1	The	0.0
135	2	child	12.633577
135	3	drew	14.488739
135	4	the	4.157183
135	5	horse	13.323169
135	6	.	2.448015
136	1	The	0.0
136	2	child	12.633577
136	3	drew	14.488739
136	4	the	4.157183
136	5	flower	16.006821
136	6	.	2.948266
137	1	The	0.0
137	2	child	12.633577
137	3	enjoyed	14.030337
137	4	the	3.876739
137	5	lecture	14.706782
137	6	.	2.238124
138	1	The	0.0
138	2	child	12.633577
138	3	enjoyed	14.030337
138	4	the	3.876739
138	5	ride	14.249968
138	6	.	1.946973
139	1	The	0.0
139	2	child	12.633577
139	3	found	10.801148
139	4	the	3.888799
139	5	corpse	14.186817
139	6	.	2.873581
140	1	The	0.0
140	2	child	12.633577
140	3	found	10.801148
140	4	the	3.888799
140	5	doll	14.997552
140	6	.	3.12277
141	1	The	0.0
141	2	child	12.633577
141	3	grabbed	16.676079
141	4	the	3.188337
141	5	UNK-LC	8.760347
141	6	.	2.041712
142	1	The	0.0
142	2	child	12.633577
142	3	grabbed	16.676079
142	4	the	3.188337
142	5	UNK-LC	8.760347
142	6	.	2.041712
143	1	The	0.0
143	2	child	12.633577
143	3	lent	16.722664
143	4	the	3.647019
143	5	car	10.016641
143	6	.	3.692085
144	1	The	0.0
144	2	child	12.633577
144	3	lent	16.722664
144	4	the	3.647019
144	5	pen	13.545134
144	6	.	3.320618
145	1	The	0.0
145	2	child	12.633577
145	3	opened	13.609854
145	4	the	4.240613
145	5	congress	17.335554
145	6	.	1.935454
146	1	The	0.0
146	2	child	12.633577
146	3	opened	13.609854
146	4	the	4.240613
146	5	present	11.746984
146	6	.	5.001458
147	1	The	0.0
147	2	child	12.633577
147	3	picked	14.575459
147	4	the	5.429653
147	5	investment	12.099293
147	6	.	3.591595
148	1	The	0.0
148	2	child	12.633577
148	3	picked	14.575459
148	4	the	5.429653
148	5	flower	14.536304
148	6	.	3.408098
149	1	The	0.0
149	2	child	12.633577
149	3	rode	17.65941
149	4	the	4.072158
149	5	bull	13.385657
149	6	.	3.585426
150	1	The	0.0
150	2	child	12.633577
150	3	rode	17.65941
150	4	the	4.072158
150	5	bus	9.875432
150	6	.	3.073701
151	1	The	0.0
151	2	child	12.633577
151	3	threw	14.587831
151	4	the	3.632496
151	5	bottle	12.349287
151	6	.	3.507467
152	1	The	0.0
152	2	child	12.633577
152	3	threw	14.587831
152	4	the	3.632496
152	5	ball	6.071557
152	6	.	3.913881
153	1	The	0.0
153	2	child	12.633577
153	3	threw	14.587831
153	4	the	3.632496
153	5	spear	16.209566
153	6	.	3.704675
154	1	The	0.0
154	2	child	12.633577
154	3	threw	14.587831
154	4	the	3.632496
154	5	snowball	16.414076
154	6	.	3.110132
155	1	The	0.0
155	2	child	12.633577
155	3	told	11.559943
155	4	the	2.65323
155	5	verdict	15.117528
155	6	.	2.574283
156	1	The	0.0
156	2	child	12.633577
156	3	told	11.559943
156	4	the	2.65323
156	5	lie	15.602792
156	6	.	2.510606
157	1	The	0.0
157	2	child	12.633577
157	3	visited	15.714979
157	4	the	2.268992
157	5	president	10.764449
157	6	.	1.745145
158	1	The	0.0
158	2	child	12.633577
158	3	visited	15.714979
158	4	the	2.268992
158	5	grandmother	14.762143
158	6	.	1.812279
159	1	The	0.0
159	2	child	12.633577
159	3	visited	15.714979
159	4	the	2.268992
159	5	prisoner	16.838314
159	6	.	1.77823
160	1	The	0.0
160	2	child	12.633577
160	3	visited	15.714979
160	4	the	2.268992
160	5	zoo	12.538209
160	6	.	1.432734
161	1	The	0.0
161	2	child	12.633577
161	3	wrote	12.646231
161	4	the	4.358222
161	5	diagnosis	13.430423
161	6	.	2.300217
162	1	The	0.0
162	2	child	12.633577
162	3	wrote	12.646231
162	4	the	4.358222
162	5	UNK-LC-ion	12.319112
162	6	.	3.021336
163	1	The	0.0
163	2	climber	21.063511
163	3	climbed	16.785429
163	4	the	5.048541
163	5	staircase	13.540296
163	6	.	1.927898
164	1	The	0.0
164	2	climber	21.063511
164	3	climbed	16.785429
164	4	the	5.048541
164	5	rock	11.782998
164	6	.	2.404264
165	1	The	0.0
165	2	climber	21.063511
165	3	faced	13.267351
165	4	the	3.747854
165	5	ocean	14.119689
165	6	.	2.18582
166	1	The	0.0
166	2	climber	21.063511
166	3	faced	13.267351
166	4	the	3.747854
166	5	wall	10.824321
166	6	.	1.936933
167	1	The	0.0
167	2	climber	21.063511
167	3	used	10.122002
167	4	the	5.10217
167	5	blackboard	15.347887
167	6	.	2.280494
168	1	The	0.0
168	2	climber	21.063511
168	3	used	10.122002
168	4	the	5.10217
168	5	rope	12.99349
168	6	.	2.567178
169	1	The	0.0
169	2	coach	15.000511
169	3	checked	16.348169
169	4	the	4.384696
169	5	car	8.03758
169	6	.	2.584488
170	1	The	0.0
170	2	coach	15.000511
170	3	checked	16.348169
170	4	the	4.384696
170	5	team	9.447558
170	6	.	2.347294
171	1	The	0.0
171	2	UNK-LC-er	12.617924
171	3	fixed	16.929708
171	4	the	4.545589
171	5	phone	10.639521
171	6	.	2.96332
172	1	The	0.0
172	2	UNK-LC-er	12.617924
172	3	fixed	16.929708
172	4	the	4.545589
172	5	shoe	14.684936
172	6	.	3.224686
173	1	The	0.0
173	2	UNK-LC-er	12.617924
173	3	sewed	18.914867
173	4	the	4.881011
173	5	parachute	16.946796
173	6	.	3.054073
174	1	The	0.0
174	2	UNK-LC-er	12.617924
174	3	sewed	18.914867
174	4	the	4.881011
174	5	shoe	13.342522
174	6	.	3.199029
175	1	The	0.0
175	2	collector	16.547621
175	3	donated	15.142062
175	4	the	3.878686
175	5	blood	11.099611
175	6	.	3.027705
176	1	The	0.0
176	2	collector	16.547621
176	3	donated	15.142062
176	4	the	3.878686
176	5	painting	11.837376
176	6	.	2.75795
177	1	The	0.0
177	2	comedian	17.148924
177	3	entertained	18.526182
177	4	the	2.747873
177	5	soldier	13.256453
177	6	.	2.055374
178	1	The	0.0
178	2	comedian	17.148924
178	3	entertained	18.526182
178	4	the	2.747873
178	5	audience	9.215263
178	6	.	1.912648
179	1	The	0.0
179	2	confectioner	22.323862
179	3	decorated	16.827122
179	4	the	6.406601
179	5	tree	12.022941
179	6	.	2.2074
180	1	The	0.0
180	2	confectioner	22.323862
180	3	decorated	16.827122
180	4	the	6.406601
180	5	cake	12.900608
180	6	.	2.055228
181	1	The	0.0
181	2	confectioner	22.323862
181	3	spread	14.258927
181	4	the	3.554897
181	5	cement	15.109765
181	6	.	3.346338
182	1	The	0.0
182	2	confectioner	22.323862
182	3	spread	14.258927
182	4	the	3.554897
182	5	icing	17.323912
182	6	.	3.17903
183	1	The	0.0
183	2	cook	18.624672
183	3	bought	12.30861
183	4	the	3.625133
183	5	ticket	11.706671
183	6	.	2.227629
184	1	The	0.0
184	2	cook	18.624672
184	3	bought	12.30861
184	4	the	3.625133
184	5	food	8.886127
184	6	.	2.969573
185	1	The	0.0
185	2	cook	18.624672
185	3	checked	15.454405
185	4	the	5.642301
185	5	tire	14.645152
185	6	.	2.885189
186	1	The	0.0
186	2	cook	18.624672
186	3	checked	15.454405
186	4	the	5.642301
186	5	groceries	16.087948
186	6	.	2.170502
187	1	The	0.0
187	2	cook	18.624672
187	3	cleaned	15.749039
187	4	the	5.215805
187	5	window	7.995705
187	6	.	2.516117
188	1	The	0.0
188	2	cook	18.624672
188	3	cleaned	15.749039
188	4	the	5.215805
188	5	fish	9.494589
188	6	.	2.670756
189	1	The	0.0
189	2	cook	18.624672
189	3	cut	13.425657
189	4	the	3.250018
189	5	grass	10.600782
189	6	.	2.468821
190	1	The	0.0
190	2	cook	18.624672
190	3	cut	13.425657
190	4	the	3.250018
190	5	fish	10.406385
190	6	.	2.77397
191	1	The	0.0
191	2	cook	18.624672
191	3	flipped	16.395245
191	4	the	5.366153
191	5	hair	10.035139
191	6	.	2.680802
192	1	The	0.0
192	2	cook	18.624672
192	3	flipped	16.395245
192	4	the	5.366153
192	5	pancake	17.105225
192	6	.	2.633979
193	1	The	0.0
193	2	cook	18.624672
193	3	mixed	16.533409
193	4	the	5.879234
193	5	paint	13.915097
193	6	.	2.598938
194	1	The	0.0
194	2	cook	18.624672
194	3	mixed	16.533409
194	4	the	5.879234
194	5	ingredient	15.504298
194	6	.	2.010483
195	1	The	0.0
195	2	cowboy	17.41736
195	3	enjoyed	15.744507
195	4	the	4.134453
195	5	snack	16.047363
195	6	.	2.696973
196	1	The	0.0
196	2	cowboy	17.41736
196	3	enjoyed	15.744507
196	4	the	4.134453
196	5	ride	12.119205
196	6	.	1.929567
197	1	The	0.0
197	2	cowboy	17.41736
197	3	rode	17.255852
197	4	the	4.320072
197	5	bike	13.018109
197	6	.	2.164403
198	1	The	0.0
198	2	cowboy	17.41736
198	3	rode	17.255852
198	4	the	4.320072
198	5	bull	13.301382
198	6	.	2.978844
199	1	The	0.0
199	2	crew	13.19543
199	3	loaded	17.170666
199	4	the	3.618295
199	5	stroller	17.573977
199	6	.	2.193065
200	1	The	0.0
200	2	crew	13.19543
200	3	loaded	17.170666
200	4	the	3.618295
200	5	container	12.590693
200	6	.	2.918947
201	1	The	0.0
201	2	customer	11.974779
201	3	read	13.253863
201	4	the	3.592459
201	5	music	10.982814
201	6	.	2.421113
202	1	The	0.0
202	2	customer	11.974779
202	3	read	13.253863
202	4	the	3.592459
202	5	menu	14.144387
202	6	.	2.146708
203	1	The	0.0
203	2	cyclist	18.940987
203	3	completed	15.454476
203	4	the	2.213967
203	5	project	6.697287
203	6	.	1.614136
204	1	The	0.0
204	2	cyclist	18.940987
204	3	completed	15.454476
204	4	the	2.213967
204	5	race	10.811224
204	6	.	1.72279
205	1	The	0.0
205	2	cyclist	18.940987
205	3	fixed	19.639378
205	4	the	3.26648
205	5	hair	10.993195
205	6	.	2.807192
206	1	The	0.0
206	2	cyclist	18.940987
206	3	fixed	19.639378
206	4	the	3.26648
206	5	bike	14.949562
206	6	.	2.620362
207	1	The	0.0
207	2	cyclist	18.940987
207	3	rode	17.277502
207	4	the	3.097925
207	5	skates	16.808487
207	6	.	3.553767
208	1	The	0.0
208	2	cyclist	18.940987
208	3	rode	17.277502
208	4	the	3.097925
208	5	bike	12.912992
208	6	.	3.734819
209	1	The	0.0
209	2	dealer	13.801082
209	3	checked	17.103033
209	4	the	3.972084
209	5	net	11.545467
209	6	.	5.875822
210	1	The	0.0
210	2	dealer	13.801082
210	3	checked	17.103033
210	4	the	3.972084
210	5	car	9.04713
210	6	.	2.582775
211	1	The	0.0
211	2	dealer	13.801082
211	3	examined	16.554148
211	4	the	2.336315
211	5	plant	10.529685
211	6	.	1.951621
212	1	The	0.0
212	2	dealer	13.801082
212	3	examined	16.554148
212	4	the	2.336315
212	5	car	10.670883
212	6	.	2.416873
213	1	The	0.0
213	2	dealer	13.801082
213	3	sold	10.882307
213	4	the	3.993044
213	5	meat	11.522352
213	6	.	2.99096
214	1	The	0.0
214	2	dealer	13.801082
214	3	sold	10.882307
214	4	the	3.993044
214	5	car	8.690189
214	6	.	2.746263
215	1	The	0.0
215	2	deejay	21.844109
215	3	mixed	18.863676
215	4	the	6.203641
215	5	ingredient	16.425127
215	6	.	2.499671
216	1	The	0.0
216	2	deejay	21.844109
216	3	mixed	18.863676
216	4	the	6.203641
216	5	music	9.33416
216	6	.	2.629139
217	1	The	0.0
217	2	demonstrator	19.63566
217	3	carried	13.533579
217	4	the	4.356595
217	5	ball	6.881747
217	6	.	3.02827
218	1	The	0.0
218	2	demonstrator	19.63566
218	3	carried	13.533579
218	4	the	4.356595
218	5	flag	9.945966
218	6	.	2.663479
219	1	The	0.0
219	2	demonstrator	19.63566
219	3	signed	14.380892
219	4	the	5.475245
219	5	shirt	14.700351
219	6	.	2.418633
220	1	The	0.0
220	2	demonstrator	19.63566
220	3	signed	14.380892
220	4	the	5.475245
220	5	petition	13.191314
220	6	.	1.98113
221	1	The	0.0
221	2	demonstrator	19.63566
221	3	threw	15.161193
221	4	the	3.314458
221	5	UNK-LC	9.431219
221	6	.	3.166748
222	1	The	0.0
222	2	demonstrator	19.63566
222	3	threw	15.161193
222	4	the	3.314458
222	5	stone	11.415646
222	6	.	3.612899
223	1	The	0.0
223	2	diplomat	16.162626
223	3	carried	13.689941
223	4	the	3.686505
223	5	dog	12.56253
223	6	.	3.544849
224	1	The	0.0
224	2	diplomat	16.162626
224	3	carried	13.689941
224	4	the	3.686505
224	5	message	8.598804
224	6	.	3.185544
225	1	The	0.0
225	2	doctor	12.967767
225	3	helped	12.315525
225	4	the	3.990216
225	5	cook	16.315985
225	6	.	2.859451
226	1	The	0.0
226	2	doctor	12.967767
226	3	helped	12.315525
226	4	the	3.990216
226	5	woman	9.610723
226	6	.	4.324467
227	1	The	0.0
227	2	doctor	12.967767
227	3	offered	12.670911
227	4	the	4.221189
227	5	breakfast	17.154623
227	6	.	3.055237
228	1	The	0.0
228	2	doctor	12.967767
228	3	offered	12.670911
228	4	the	4.221189
228	5	support	8.763641
228	6	.	4.157291
229	1	The	0.0
229	2	doctor	12.967767
229	3	sewed	18.668699
229	4	the	4.677301
229	5	shoe	14.497046
229	6	.	3.332666
230	1	The	0.0
230	2	doctor	12.967767
230	3	sewed	18.668699
230	4	the	4.677301
230	5	wound	13.963063
230	6	.	2.847232
231	1	The	0.0
231	2	doctor	12.967767
231	3	used	9.77237
231	4	the	5.040434
231	5	shovel	16.853701
231	6	.	2.628963
232	1	The	0.0
232	2	doctor	12.967767
232	3	used	9.77237
232	4	the	5.040434
232	5	stethoscope	19.641533
232	6	.	2.485032
233	1	The	0.0
233	2	doctor	12.967767
233	3	visited	14.435276
233	4	the	1.818236
233	5	museum	9.853543
233	6	.	1.67067
234	1	The	0.0
234	2	doctor	12.967767
234	3	visited	14.435276
234	4	the	1.818236
234	5	patient	10.000315
234	6	.	1.766661
235	1	The	0.0
235	2	doctor	12.967767
235	3	wrote	11.339885
235	4	the	3.85148
235	5	UNK-LC-ion	12.190168
235	6	.	3.156205
236	1	The	0.0
236	2	doctor	12.967767
236	3	wrote	11.339885
236	4	the	3.85148
236	5	diagnosis	12.497506
236	6	.	2.353837
237	1	The	0.0
237	2	dog	13.226348
237	3	ate	15.529973
237	4	the	3.791348
237	5	plant	9.940891
237	6	.	1.89656
238	1	The	0.0
238	2	dog	13.226348
238	3	ate	15.529973
238	4	the	3.791348
238	5	bone	13.401051
238	6	.	2.209179
239	1	The	0.0
239	2	dog	13.226348
239	3	carried	13.402135
239	4	the	4.549802
239	5	flag	9.967985
239	6	.	2.290358
240	1	The	0.0
240	2	dog	13.226348
240	3	carried	13.402135
240	4	the	4.549802
240	5	ball	7.167228
240	6	.	2.563081
241	1	The	0.0
241	2	dog	13.226348
241	3	caught	12.991637
241	4	the	3.359704
241	5	wave	12.295917
241	6	.	4.27317
242	1	The	0.0
242	2	dog	13.226348
242	3	caught	12.991637
242	4	the	3.359704
242	5	ball	7.238271
242	6	.	2.313018
243	1	The	0.0
243	2	dog	13.226348
243	3	chased	17.828262
243	4	the	3.679122
243	5	tank	11.711371
243	6	.	1.96755
244	1	The	0.0
244	2	dog	13.226348
244	3	chased	17.828262
244	4	the	3.679122
244	5	ball	7.435015
244	6	.	2.057994
245	1	The	0.0
245	2	dog	13.226348
245	3	dug	15.7686
245	4	the	6.119953
245	5	grave	11.808919
245	6	.	2.192499
246	1	The	0.0
246	2	dog	13.226348
246	3	dug	15.7686
246	4	the	6.119953
246	5	hole	8.117678
246	6	.	2.005191
247	1	The	0.0
247	2	dog	13.226348
247	3	fetched	16.600344
247	4	the	3.562755
247	5	tray	16.854797
247	6	.	2.436253
248	1	The	0.0
248	2	dog	13.226348
248	3	fetched	16.600344
248	4	the	3.562755
248	5	ball	9.527671
248	6	.	2.29872
249	1	The	0.0
249	2	dog	13.226348
249	3	pulled	13.41517
249	4	the	3.817932
249	5	trigger	11.699112
249	6	.	2.601332
250	1	The	0.0
250	2	dog	13.226348
250	3	pulled	13.41517
250	4	the	3.817932
250	5	sled	13.529554
250	6	.	3.111901
251	1	The	0.0
251	2	driver	12.78445
251	3	heard	14.379822
251	4	the	4.23336
251	5	baby	9.876429
251	6	.	2.857724
252	1	The	0.0
252	2	driver	12.78445
252	3	heard	14.379822
252	4	the	4.23336
252	5	horn	15.420767
252	6	.	2.181983
253	1	The	0.0
253	2	electrician	18.697893
253	3	checked	16.001766
253	4	the	4.038588
253	5	rifle	12.249059
253	6	.	2.646439
254	1	The	0.0
254	2	electrician	18.697893
254	3	checked	16.001766
254	4	the	4.038588
254	5	device	11.197158
254	6	.	2.567076
255	1	The	0.0
255	2	employee	12.285547
255	3	passed	13.430107
255	4	the	4.224243
255	5	rifle	18.216225
255	6	.	2.350217
256	1	The	0.0
256	2	employee	12.285547
256	3	passed	13.430107
256	4	the	4.224243
256	5	report	9.088564
256	6	.	1.704535
257	1	The	0.0
257	2	employer	12.937079
257	3	offered	11.972365
257	4	the	4.147934
257	5	candy	17.677898
257	6	.	3.452388
258	1	The	0.0
258	2	employer	12.937079
258	3	offered	11.972365
258	4	the	4.147934
258	5	job	6.889492
258	6	.	2.62659
259	1	The	0.0
259	2	engineer	14.720779
259	3	completed	15.25906
259	4	the	2.090563
259	5	painting	15.577497
259	6	.	1.964928
260	1	The	0.0
260	2	engineer	14.720779
260	3	completed	15.25906
260	4	the	2.090563
260	5	project	7.045108
260	6	.	1.52061
261	1	The	0.0
261	2	engineer	14.720779
261	3	drew	14.029004
261	4	the	3.685883
261	5	flower	16.733078
261	6	.	3.095417
262	1	The	0.0
262	2	engineer	14.720779
262	3	drew	14.029004
262	4	the	3.685883
262	5	turbine	18.195219
262	6	.	3.172125
263	1	The	0.0
263	2	farmer	14.749851
263	3	picked	13.489453
263	4	the	5.069279
263	5	killer	14.325456
263	6	.	2.98626
264	1	The	0.0
264	2	farmer	14.749851
264	3	picked	13.489453
264	4	the	5.069279
264	5	vegetable	14.560687
264	6	.	3.776384
265	1	The	0.0
265	2	farmer	14.749851
265	3	plowed	16.941185
265	4	the	4.402412
265	5	sand	10.700094
265	6	.	4.357154
266	1	The	0.0
266	2	farmer	14.749851
266	3	plowed	16.941185
266	4	the	4.402412
266	5	field	9.475256
266	6	.	3.948851
267	1	The	0.0
267	2	farmer	14.749851
267	3	sold	11.223809
267	4	the	3.597848
267	5	drug	8.865806
267	6	.	2.953531
268	1	The	0.0
268	2	farmer	14.749851
268	3	sold	11.223809
268	4	the	3.597848
268	5	corn	10.331933
268	6	.	3.375237
269	1	The	0.0
269	2	farmer	14.749851
269	3	sprayed	18.291969
269	4	the	3.208863
269	5	cream	13.576888
269	6	.	2.909671
270	1	The	0.0
270	2	farmer	14.749851
270	3	sprayed	18.291969
270	4	the	3.208863
270	5	pesticide	16.019281
270	6	.	2.694462
271	1	The	0.0
271	2	farmer	14.749851
271	3	used	10.244302
271	4	the	4.102557
271	5	computer	9.191813
271	6	.	3.241136
272	1	The	0.0
272	2	farmer	14.749851
272	3	used	10.244302
272	4	the	4.102557
272	5	shovel	16.413498
272	6	.	2.727671
273	1	The	0.0
273	2	fighter	15.325223
273	3	kicked	15.609817
273	4	the	6.407809
273	5	television	12.511091
273	6	.	4.061292
274	1	The	0.0
274	2	fighter	15.325223
274	3	kicked	15.609817
274	4	the	6.407809
274	5	opponent	16.247768
274	6	.	2.970737
275	1	The	0.0
275	2	firefighter	20.064129
275	3	fought	15.926942
275	4	the	3.732772
275	5	crime	12.981991
275	6	.	2.437407
276	1	The	0.0
276	2	firefighter	20.064129
276	3	fought	15.926942
276	4	the	3.732772
276	5	fire	9.938139
276	6	.	2.20741
277	1	The	0.0
277	2	fisherman	19.078993
277	3	caught	12.618053
277	4	the	3.195446
277	5	ball	6.874335
277	6	.	2.659165
278	1	The	0.0
278	2	fisherman	19.078993
278	3	caught	12.618053
278	4	the	3.195446
278	5	fish	9.328101
278	6	.	2.793331
279	1	The	0.0
279	2	fisherman	19.078993
279	3	checked	15.460068
279	4	the	4.032498
279	5	car	8.003045
279	6	.	2.415765
280	1	The	0.0
280	2	fisherman	19.078993
280	3	checked	15.460068
280	4	the	4.032498
280	5	net	13.882459
280	6	.	4.816125
281	1	The	0.0
281	2	fisherman	19.078993
281	3	sold	11.546219
281	4	the	4.299383
281	5	drug	9.890085
281	6	.	2.528698
282	1	The	0.0
282	2	fisherman	19.078993
282	3	sold	11.546219
282	4	the	4.299383
282	5	fish	9.630086
282	6	.	2.487199
283	1	The	0.0
283	2	florist	18.570047
283	3	sold	11.071632
283	4	the	3.934428
283	5	bike	14.597077
283	6	.	2.585666
284	1	The	0.0
284	2	florist	18.570047
284	3	sold	11.071632
284	4	the	3.934428
284	5	flower	13.143909
284	6	.	3.123263
285	1	The	0.0
285	2	UNK-LC-er	12.617924
285	3	chased	19.720497
285	4	the	3.158465
285	5	toy	11.371241
285	6	.	3.472399
286	1	The	0.0
286	2	UNK-LC-er	12.617924
286	3	chased	19.720497
286	4	the	3.158465
286	5	ball	7.925698
286	6	.	2.110095
287	1	The	0.0
287	2	UNK-LC-er	12.617924
287	3	delivered	15.937516
287	4	the	4.448094
287	5	lecture	14.111128
287	6	.	2.598644
288	1	The	0.0
288	2	UNK-LC-er	12.617924
288	3	delivered	15.937516
288	4	the	4.448094
288	5	kick	14.33541
288	6	.	2.486055
289	1	The	0.0
289	2	UNK-LC-er	12.617924
289	3	hit	12.945264
289	4	the	2.222418
289	5	car	8.933968
289	6	.	2.093715
290	1	The	0.0
290	2	UNK-LC-er	12.617924
290	3	hit	12.945264
290	4	the	2.222418
290	5	ball	8.68544
290	6	.	1.659922
291	1	The	0.0
291	2	UNK-LC-er	12.617924
291	3	kicked	17.807835
291	4	the	5.574858
291	5	vase	15.707255
291	6	.	2.6494
292	1	The	0.0
292	2	UNK-LC-er	12.617924
292	3	kicked	17.807835
292	4	the	5.574858
292	5	ball	7.148859
292	6	.	3.036061
293	1	The	0.0
293	2	UNK-LC-er	12.617924
293	3	passed	14.766336
293	4	the	4.355029
293	5	knife	14.60008
293	6	.	1.951014
294	1	The	0.0
294	2	UNK-LC-er	12.617924
294	3	passed	14.766336
294	4	the	4.355029
294	5	ball	9.943476
294	6	.	2.01054
295	1	The	0.0
295	2	gardener	18.041651
295	3	cut	13.627845
295	4	the	2.787759
295	5	fish	12.247903
295	6	.	3.102204
296	1	The	0.0
296	2	gardener	18.041651
296	3	cut	13.627845
296	4	the	2.787759
296	5	grass	12.626523
296	6	.	2.752106
297	1	The	0.0
297	2	gardener	18.041651
297	3	decorated	17.059462
297	4	the	6.142991
297	5	book	8.515926
297	6	.	1.988174
298	1	The	0.0
298	2	gardener	18.041651
298	3	decorated	17.059462
298	4	the	6.142991
298	5	garden	10.540336
298	6	.	2.142535
299	1	The	0.0
299	2	gardener	18.041651
299	3	gathered	13.626966
299	4	the	6.452546
299	5	flag	11.59326
299	6	.	2.298362
300	1	The	0.0
300	2	gardener	18.041651
300	3	gathered	13.626966
300	4	the	6.452546
300	5	grass	13.014687
300	6	.	2.335944
301	1	The	0.0
301	2	gardener	18.041651
301	3	pushed	14.713183
301	4	the	2.505434
301	5	demonstrator	18.758942
301	6	.	4.08565
302	1	The	0.0
302	2	gardener	18.041651
302	3	pushed	14.713183
302	4	the	2.505434
302	5	mower	18.106213
302	6	.	4.196806
303	1	The	0.0
303	2	general	9.932637
303	3	gathered	18.533451
303	4	the	6.526307
303	5	bread	15.550691
303	6	.	2.616016
304	1	The	0.0
304	2	general	9.932637
304	3	gathered	18.533451
304	4	the	6.526307
304	5	soldier	15.465148
304	6	.	2.448539
305	1	The	0.0
305	2	general	9.932637
305	3	sent	16.11887
305	4	the	3.360265
305	5	postcard	18.005829
305	6	.	4.591733
306	1	The	0.0
306	2	general	9.932637
306	3	sent	16.11887
306	4	the	3.360265
306	5	soldier	16.223824
306	6	.	4.524773
307	1	The	0.0
307	2	general	9.932637
307	3	won	14.041462
307	4	the	4.506313
307	5	toy	14.79987
307	6	.	3.596965
308	1	The	0.0
308	2	general	9.932637
308	3	won	14.041462
308	4	the	4.506313
308	5	battle	9.265875
308	6	.	2.134291
309	1	The	0.0
309	2	UNK-LC-er	12.617924
309	3	caught	14.905396
309	4	the	3.125079
309	5	fish	11.140422
309	6	.	2.790456
310	1	The	0.0
310	2	UNK-LC-er	12.617924
310	3	caught	14.905396
310	4	the	3.125079
310	5	ball	7.914991
310	6	.	2.468622
311	1	The	0.0
311	2	UNK-LC-er	12.617924
311	3	grabbed	17.731014
311	4	the	3.073818
311	5	phone	9.289987
311	6	.	2.354321
312	1	The	0.0
312	2	UNK-LC-er	12.617924
312	3	grabbed	17.731014
312	4	the	3.073818
312	5	ball	7.088119
312	6	.	2.113807
313	1	The	0.0
313	2	UNK-LC-er	12.617924
313	3	held	13.505352
313	4	the	4.333374
313	5	child	12.566017
313	6	.	2.264405
314	1	The	0.0
314	2	UNK-LC-er	12.617924
314	3	held	13.505352
314	4	the	4.333374
314	5	ball	9.846331
314	6	.	1.934128
315	1	The	0.0
315	2	UNK-LC-er	12.617924
315	3	threw	16.727491
315	4	the	3.300781
315	5	bomb	12.377615
315	6	.	3.376461
316	1	The	0.0
316	2	UNK-LC-er	12.617924
316	3	threw	16.727491
316	4	the	3.300781
316	5	ball	6.050696
316	6	.	3.661095
317	1	The	0.0
317	2	government	7.059248
317	3	offered	11.620747
317	4	the	3.751609
317	5	drink	18.897003
317	6	.	3.275144
318	1	The	0.0
318	2	government	7.059248
318	3	offered	11.620747
318	4	the	3.751609
318	5	protection	9.545967
318	6	.	3.822434
319	1	The	0.0
319	2	grandfather	16.717751
319	3	told	12.18674
319	4	the	2.34545
319	5	strategy	15.257219
319	6	.	2.876031
320	1	The	0.0
320	2	grandfather	16.717751
320	3	told	12.18674
320	4	the	2.34545
320	5	story	6.098216
320	6	.	2.63333
321	1	The	0.0
321	2	guard	15.082592
321	3	opened	12.80667
321	4	the	4.247567
321	5	present	11.887444
321	6	.	5.115876
322	1	The	0.0
322	2	guard	15.082592
322	3	opened	12.80667
322	4	the	4.247567
322	5	jail	15.215762
322	6	.	2.287105
323	1	The	0.0
323	2	guard	15.082592
323	3	tied	15.23842
323	4	the	5.32756
323	5	roast	18.323324
323	6	.	7.074792
324	1	The	0.0
324	2	guard	15.082592
324	3	tied	15.23842
324	4	the	5.32756
324	5	prisoner	16.118963
324	6	.	3.694632
325	1	The	0.0
325	2	guest	14.948643
325	3	held	12.941097
325	4	the	5.685847
325	5	camera	10.655679
325	6	.	2.068598
326	1	The	0.0
326	2	guest	14.948643
326	3	held	12.941097
326	4	the	5.685847
326	5	drink	15.379638
326	6	.	2.337497
327	1	The	0.0
327	2	guest	14.948643
327	3	hung	17.610735
327	4	the	5.526804
327	5	laundry	13.06542
327	6	.	2.356429
328	1	The	0.0
328	2	guest	14.948643
328	3	hung	17.610735
328	4	the	5.526804
328	5	coat	12.927882
328	6	.	2.636311
329	1	The	0.0
329	2	guide	13.934898
329	3	described	12.279209
329	4	the	2.29866
329	5	software	12.871835
329	6	.	4.051064
330	1	The	0.0
330	2	guide	13.934898
330	3	described	12.279209
330	4	the	2.29866
330	5	monument	17.058899
330	6	.	2.511313
331	1	The	0.0
331	2	UNK-LC	9.832897
331	3	fixed	16.550549
331	4	the	4.398528
331	5	bike	15.963355
331	6	.	2.315354
332	1	The	0.0
332	2	UNK-LC	9.832897
332	3	fixed	16.550549
332	4	the	4.398528
332	5	hair	12.862006
332	6	.	2.521315
333	1	The	0.0
333	2	UNK-LC	9.832897
333	3	flipped	19.045189
333	4	the	5.5111
333	5	board	10.945411
333	6	.	2.313526
334	1	The	0.0
334	2	UNK-LC	9.832897
334	3	flipped	19.045189
334	4	the	5.5111
334	5	hair	11.311925
334	6	.	2.653516
335	1	The	0.0
335	2	UNK-LC	9.832897
335	3	sprayed	19.49502
335	4	the	3.030761
335	5	pesticide	16.272127
335	6	.	2.433312
336	1	The	0.0
336	2	UNK-LC	9.832897
336	3	sprayed	19.49502
336	4	the	3.030761
336	5	foam	18.492632
336	6	.	4.15624
337	1	The	0.0
337	2	UNK-LC	9.832897
337	3	washed	18.610746
337	4	the	4.568274
337	5	infant	15.114284
337	6	.	5.132741
338	1	The	0.0
338	2	UNK-LC	9.832897
338	3	washed	18.610746
338	4	the	4.568274
338	5	hair	11.171422
338	6	.	2.642753
339	1	The	0.0
339	2	UNK-LC-er	12.617924
339	3	faced	14.987914
339	4	the	4.230524
339	5	camera	13.384104
339	6	.	2.069266
340	1	The	0.0
340	2	UNK-LC-er	12.617924
340	3	faced	14.987914
340	4	the	4.230524
340	5	mountain	13.627768
340	6	.	3.032188
341	1	The	0.0
341	2	horse	13.409903
341	3	drew	14.506797
341	4	the	4.031268
341	5	trailer	17.073484
341	6	.	2.382107
342	1	The	0.0
342	2	horse	13.409903
342	3	drew	14.506797
342	4	the	4.031268
342	5	carriage	14.18681
342	6	.	2.695198
343	1	The	0.0
343	2	horse	13.409903
343	3	moved	13.332343
343	4	the	5.749658
343	5	suitcase	14.214735
343	6	.	2.516013
344	1	The	0.0
344	2	horse	13.409903
344	3	moved	13.332343
344	4	the	5.749658
344	5	cart	13.848951
344	6	.	2.692127
345	1	The	0.0
345	2	horse	13.409903
345	3	pulled	13.606077
345	4	the	4.1747
345	5	suitcase	13.041353
345	6	.	2.899958
346	1	The	0.0
346	2	horse	13.409903
346	3	pulled	13.606077
346	4	the	4.1747
346	5	cart	12.084541
346	6	.	3.107533
347	1	The	0.0
347	2	hostess	17.277239
347	3	explained	14.233604
347	4	the	3.777047
347	5	poem	13.055312
347	6	.	2.381624
348	1	The	0.0
348	2	hostess	17.277239
348	3	explained	14.233604
348	4	the	3.777047
348	5	procedure	13.71105
348	6	.	2.463669
349	1	The	0.0
349	2	hound	21.154989
349	3	fetched	19.00366
349	4	the	3.802587
349	5	money	5.759385
349	6	.	2.207919
350	1	The	0.0
350	2	hound	21.154989
350	3	fetched	19.00366
350	4	the	3.802587
350	5	bird	14.141242
350	6	.	2.22567
351	1	The	0.0
351	2	UNK-LC	9.832897
351	3	cleaned	17.456104
351	4	the	4.437774
351	5	fish	10.250547
351	6	.	2.592557
352	1	The	0.0
352	2	UNK-LC	9.832897
352	3	cleaned	17.456104
352	4	the	4.437774
352	5	dish	13.851363
352	6	.	1.894924
353	1	The	0.0
353	2	UNK-LC	9.832897
353	3	cleaned	17.456104
353	4	the	4.437774
353	5	street	8.085443
353	6	.	2.023888
354	1	The	0.0
354	2	UNK-LC	9.832897
354	3	cleaned	17.456104
354	4	the	4.437774
354	5	window	8.409559
354	6	.	2.456432
355	1	The	0.0
355	2	UNK-LC	9.832897
355	3	mopped	21.586555
355	4	the	4.496599
355	5	barracks	14.723058
355	6	.	1.978695
356	1	The	0.0
356	2	UNK-LC	9.832897
356	3	mopped	21.586555
356	4	the	4.496599
356	5	floor	7.721043
356	6	.	2.32111
357	1	The	0.0
357	2	UNK-LC	9.832897
357	3	washed	18.610746
357	4	the	4.568274
357	5	boat	8.740164
357	6	.	2.370199
358	1	The	0.0
358	2	UNK-LC	9.832897
358	3	washed	18.610746
358	4	the	4.568274
358	5	floor	8.260037
358	6	.	2.34836
359	1	The	0.0
359	2	housewife	18.09543
359	3	cleaned	16.659277
359	4	the	4.836292
359	5	shoe	13.250234
359	6	.	3.391349
360	1	The	0.0
360	2	housewife	18.09543
360	3	cleaned	16.659277
360	4	the	4.836292
360	5	table	7.663861
360	6	.	2.282486
361	1	The	0.0
361	2	illusionist	19.612331
361	3	performed	16.17277
361	4	the	5.47673
361	5	surgery	14.147477
361	6	.	1.565232
362	1	The	0.0
362	2	illusionist	19.612331
362	3	performed	16.17277
362	4	the	5.47673
362	5	trick	10.649696
362	6	.	2.091378
363	1	The	0.0
363	2	illustrator	19.169796
363	3	decorated	15.942204
363	4	the	4.47047
363	5	garden	10.57436
363	6	.	2.215365
364	1	The	0.0
364	2	illustrator	19.169796
364	3	decorated	15.942204
364	4	the	4.47047
364	5	book	8.409939
364	6	.	2.094862
365	1	The	0.0
365	2	illustrator	19.169796
365	3	drew	13.451059
365	4	the	3.764466
365	5	carriage	14.303725
365	6	.	2.83625
366	1	The	0.0
366	2	illustrator	19.169796
366	3	drew	13.451059
366	4	the	3.764466
366	5	picture	8.332788
366	6	.	2.350435
367	1	The	0.0
367	2	investor	11.461817
367	3	rented	17.2502
367	4	the	4.462625
367	5	bicycle	13.998389
367	6	.	2.485074
368	1	The	0.0
368	2	investor	11.461817
368	3	rented	17.2502
368	4	the	4.462625
368	5	land	8.089228
368	6	.	2.302248
369	1	The	0.0
369	2	jockey	18.652973
369	3	rode	17.190323
369	4	the	3.213715
369	5	wave	12.910132
369	6	.	5.201423
370	1	The	0.0
370	2	jockey	18.652973
370	3	rode	17.190323
370	4	the	3.213715
370	5	horse	10.436837
370	6	.	3.471075
371	1	The	0.0
371	2	journalist	16.521475
371	3	carried	14.391159
371	4	the	3.499138
371	5	milk	14.764605
371	6	.	3.719445
372	1	The	0.0
372	2	journalist	16.521475
372	3	carried	14.391159
372	4	the	3.499138
372	5	article	10.915129
372	6	.	2.946437
373	1	The	0.0
373	2	journalist	16.521475
373	3	wrote	10.702321
373	4	the	3.89362
373	5	song	10.100222
373	6	.	2.060655
374	1	The	0.0
374	2	journalist	16.521475
374	3	wrote	10.702321
374	4	the	3.89362
374	5	article	8.223136
374	6	.	2.183981
375	1	The	0.0
375	2	killer	14.986504
375	3	pulled	14.400686
375	4	the	3.704775
375	5	cart	12.618007
375	6	.	3.433782
376	1	The	0.0
376	2	killer	14.986504
376	3	pulled	14.400686
376	4	the	3.704775
376	5	trigger	11.652427
376	6	.	2.819783
377	1	The	0.0
377	2	knight	20.561743
377	3	held	10.810188
377	4	the	4.537398
377	5	camera	12.841619
377	6	.	2.153327
378	1	The	0.0
378	2	knight	20.561743
378	3	held	10.810188
378	4	the	4.537398
378	5	sword	16.91416
378	6	.	2.038278
379	1	The	0.0
379	2	librarian	18.886448
379	3	climbed	16.668787
379	4	the	5.257741
379	5	tree	12.571404
379	6	.	2.381755
380	1	The	0.0
380	2	librarian	18.886448
380	3	climbed	16.668787
380	4	the	5.257741
380	5	ladder	8.59782
380	6	.	2.090285
381	1	The	0.0
381	2	librarian	18.886448
381	3	stacked	19.162203
381	4	the	5.196661
381	5	supply	11.992811
381	6	.	3.561818
382	1	The	0.0
382	2	librarian	18.886448
382	3	stacked	19.162203
382	4	the	5.196661
382	5	book	8.854623
382	6	.	2.362362
383	1	The	0.0
383	2	lumberjack	20.992134
383	3	cut	15.687468
383	4	the	3.888514
383	5	meat	12.143141
383	6	.	3.30778
384	1	The	0.0
384	2	lumberjack	20.992134
384	3	cut	15.687468
384	4	the	3.888514
384	5	tree	12.371105
384	6	.	2.63476
385	1	The	0.0
385	2	lumberjack	20.992134
385	3	stacked	20.392118
385	4	the	5.20631
385	5	book	8.681555
385	6	.	1.897747
386	1	The	0.0
386	2	lumberjack	20.992134
386	3	stacked	20.392118
386	4	the	5.20631
386	5	wood	13.749018
386	6	.	2.765451
387	1	The	0.0
387	2	lumberjack	20.992134
387	3	used	12.231042
387	4	the	4.792283
387	5	UNK-LC	8.703973
387	6	.	2.587614
388	1	The	0.0
388	2	lumberjack	20.992134
388	3	used	12.231042
388	4	the	4.792283
388	5	saw	18.37182
388	6	.	3.00736
389	1	The	0.0
389	2	magician	19.162115
389	3	read	12.729516
389	4	the	3.42926
389	5	newspaper	10.111104
389	6	.	2.489193
390	1	The	0.0
390	2	magician	19.162115
390	3	read	12.729516
390	4	the	3.42926
390	5	hand	10.963805
390	6	.	2.615567
391	1	The	0.0
391	2	manager	11.572661
391	3	rented	18.396894
391	4	the	4.213711
391	5	kayak	18.745178
391	6	.	2.84314
392	1	The	0.0
392	2	manager	11.572661
392	3	rented	18.396894
392	4	the	4.213711
392	5	room	8.777042
392	6	.	2.623264
393	1	The	0.0
393	2	mason	20.893448
393	3	built	11.786967
393	4	the	3.928772
393	5	snowman	20.303318
393	6	.	1.908391
394	1	The	0.0
394	2	mason	20.893448
394	3	built	11.786967
394	4	the	3.928772
394	5	house	7.111766
394	6	.	2.433907
395	1	The	0.0
395	2	mason	20.893448
395	3	fixed	19.093132
395	4	the	3.081553
395	5	bike	15.679309
395	6	.	2.328657
396	1	The	0.0
396	2	mason	20.893448
396	3	fixed	19.093132
396	4	the	3.081553
396	5	roof	11.232117
396	6	.	2.136949
397	1	The	0.0
397	2	mason	20.893448
397	3	fixed	19.093132
397	4	the	3.081553
397	5	tire	14.778339
397	6	.	3.197808
398	1	The	0.0
398	2	mason	20.893448
398	3	fixed	19.093132
398	4	the	3.081553
398	5	wall	10.745047
398	6	.	2.088076
399	1	The	0.0
399	2	mason	20.893448
399	3	mixed	18.086496
399	4	the	5.186496
399	5	soup	13.61995
399	6	.	1.756518
400	1	The	0.0
400	2	mason	20.893448
400	3	mixed	18.086496
400	4	the	5.186496
400	5	cement	15.698706
400	6	.	3.107253
401	1	The	0.0
401	2	mechanic	17.407511
401	3	assembled	14.593777
401	4	the	5.531683
401	5	art	10.538785
401	6	.	3.100473
402	1	The	0.0
402	2	mechanic	17.407511
402	3	assembled	14.593777
402	4	the	5.531683
402	5	bicycle	13.468586
402	6	.	2.28243
403	1	The	0.0
403	2	mechanic	17.407511
403	3	checked	15.754661
403	4	the	4.118082
403	5	groceries	16.643282
403	6	.	2.418009
404	1	The	0.0
404	2	mechanic	17.407511
404	3	checked	15.754661
404	4	the	4.118082
404	5	tire	14.256674
404	6	.	3.165685
405	1	The	0.0
405	2	mechanic	17.407511
405	3	fixed	18.300871
405	4	the	3.129429
405	5	roof	12.497998
405	6	.	2.286402
406	1	The	0.0
406	2	mechanic	17.407511
406	3	fixed	18.300871
406	4	the	3.129429
406	5	tire	14.315324
406	6	.	3.42177
407	1	The	0.0
407	2	mechanic	17.407511
407	3	rented	15.742772
407	4	the	4.172742
407	5	boat	8.161386
407	6	.	2.299207
408	1	The	0.0
408	2	mechanic	17.407511
408	3	rented	15.742772
408	4	the	4.172742
408	5	truck	10.738297
408	6	.	2.614161
409	1	The	0.0
409	2	mechanic	17.407511
409	3	spread	14.772508
409	4	the	3.766717
409	5	chocolate	15.390811
409	6	.	3.368774
410	1	The	0.0
410	2	mechanic	17.407511
410	3	spread	14.772508
410	4	the	3.766717
410	5	coating	16.360338
410	6	.	3.058476
411	1	The	0.0
411	2	milkman	19.190443
411	3	carried	13.028553
411	4	the	4.612048
411	5	flag	10.503976
411	6	.	2.708746
412	1	The	0.0
412	2	milkman	19.190443
412	3	carried	13.028553
412	4	the	4.612048
412	5	bottle	13.024637
412	6	.	2.8188
413	1	The	0.0
413	2	model	12.016957
413	3	faced	15.826029
413	4	the	4.460232
413	5	mountain	14.016447
413	6	.	3.125174
414	1	The	0.0
414	2	model	12.016957
414	3	faced	15.826029
414	4	the	4.460232
414	5	camera	13.997671
414	6	.	2.18522
415	1	The	0.0
415	2	monkey	17.444468
415	3	grabbed	17.493557
415	4	the	3.304776
415	5	board	10.185617
415	6	.	2.037543
416	1	The	0.0
416	2	monkey	17.444468
416	3	grabbed	17.493557
416	4	the	3.304776
416	5	banana	13.473267
416	6	.	2.727006
417	1	The	0.0
417	2	mother	12.905689
417	3	decorated	17.02096
417	4	the	3.671288
417	5	car	8.89689
417	6	.	2.403733
418	1	The	0.0
418	2	mother	12.905689
418	3	decorated	17.02096
418	4	the	3.671288
418	5	house	6.596128
418	6	.	2.236022
419	1	The	0.0
419	2	mother	12.905689
419	3	held	11.911983
419	4	the	4.658746
419	5	flag	11.889097
419	6	.	2.030674
420	1	The	0.0
420	2	mother	12.905689
420	3	held	11.911983
420	4	the	4.658746
420	5	child	10.552185
420	6	.	2.378457
421	1	The	0.0
421	2	mother	12.905689
421	3	hung	16.137564
421	4	the	6.320693
421	5	rifle	11.945441
421	6	.	2.418984
422	1	The	0.0
422	2	mother	12.905689
422	3	hung	16.137564
422	4	the	6.320693
422	5	laundry	12.603474
422	6	.	2.386489
423	1	The	0.0
423	2	mother	12.905689
423	3	prepared	15.765393
423	4	the	6.339978
423	5	gun	10.825005
423	6	.	2.52998
424	1	The	0.0
424	2	mother	12.905689
424	3	prepared	15.765393
424	4	the	6.339978
424	5	food	11.465449
424	6	.	3.363485
425	1	The	0.0
425	2	mother	12.905689
425	3	pushed	15.504076
425	4	the	2.894048
425	5	trash	12.100436
425	6	can	13.041499
425	7	.	6.200211
426	1	The	0.0
426	2	mother	12.905689
426	3	pushed	15.504076
426	4	the	2.894048
426	5	stroller	17.069422
426	6	.	3.191814
427	1	The	0.0
427	2	mover	20.945993
427	3	moved	14.221962
427	4	the	5.494002
427	5	horse	12.371318
427	6	.	3.601336
428	1	The	0.0
428	2	mover	20.945993
428	3	moved	14.221962
428	4	the	5.494002
428	5	furniture	13.634393
428	6	.	4.236571
429	1	The	0.0
429	2	musician	18.476391
429	3	entertained	18.281311
429	4	the	2.686764
429	5	demonstrator	17.809437
429	6	.	1.967494
430	1	The	0.0
430	2	musician	18.476391
430	3	entertained	18.281311
430	4	the	2.686764
430	5	crowd	8.647951
430	6	.	2.026407
431	1	The	0.0
431	2	musician	18.476391
431	3	held	13.174055
431	4	the	4.113792
431	5	stone	12.759174
431	6	.	2.71512
432	1	The	0.0
432	2	musician	18.476391
432	3	held	13.174055
432	4	the	4.113792
432	5	guitar	13.163055
432	6	.	2.543472
433	1	The	0.0
433	2	musician	18.476391
433	3	played	11.623025
433	4	the	3.553071
433	5	soccer	14.035125
433	6	.	5.355309
434	1	The	0.0
434	2	musician	18.476391
434	3	played	11.623025
434	4	the	3.553071
434	5	song	8.87891
434	6	.	2.008195
435	1	The	0.0
435	2	musician	18.476391
435	3	read	11.930417
435	4	the	3.297697
435	5	menu	13.437551
435	6	.	2.395268
436	1	The	0.0
436	2	musician	18.476391
436	3	read	11.930417
436	4	the	3.297697
436	5	music	8.912732
436	6	.	2.603854
437	1	The	0.0
437	2	musician	18.476391
437	3	touched	15.46516
437	4	the	4.21027
437	5	base	12.304316
437	6	.	3.54459
438	1	The	0.0
438	2	musician	18.476391
438	3	touched	15.46516
438	4	the	4.21027
438	5	instrument	13.21909
438	6	.	2.843817
439	1	The	0.0
439	2	nanny	18.536877
439	3	heard	13.222385
439	4	the	4.09545
439	5	speech	11.606614
439	6	.	2.031011
440	1	The	0.0
440	2	nanny	18.536877
440	3	heard	13.222385
440	4	the	4.09545
440	5	baby	10.262212
440	6	.	2.856035
441	1	The	0.0
441	2	nanny	18.536877
441	3	watched	14.588482
441	4	the	3.552793
441	5	landscape	13.081417
441	6	.	2.255859
442	1	The	0.0
442	2	nanny	18.536877
442	3	watched	14.588482
442	4	the	3.552793
442	5	child	10.441242
442	6	.	2.554011
443	1	The	0.0
443	2	nurse	16.920353
443	3	handed	15.189245
443	4	the	4.015071
443	5	hose	14.948421
443	6	.	3.726191
444	1	The	0.0
444	2	nurse	16.920353
444	3	handed	15.189245
444	4	the	4.015071
444	5	UNK-LC	9.412395
444	6	.	3.500052
445	1	The	0.0
445	2	nurse	16.920353
445	3	pushed	14.817305
445	4	the	2.593175
445	5	mower	17.787521
445	6	.	4.15394
446	1	The	0.0
446	2	nurse	16.920353
446	3	pushed	14.817305
446	4	the	2.593175
446	5	wheelchair	14.10588
446	6	.	3.407545
447	1	The	0.0
447	2	nurse	16.920353
447	3	washed	19.111351
447	4	the	5.263426
447	5	car	7.947822
447	6	.	3.13742
448	1	The	0.0
448	2	nurse	16.920353
448	3	washed	19.111351
448	4	the	5.263426
448	5	infant	13.169402
448	6	.	4.878633
449	1	The	0.0
449	2	painter	16.688623
449	3	completed	16.587925
449	4	the	2.929407
449	5	race	10.330726
449	6	.	1.767016
450	1	The	0.0
450	2	painter	16.688623
450	3	completed	16.587925
450	4	the	2.929407
450	5	painting	13.095064
450	6	.	2.049483
451	1	The	0.0
451	2	painter	16.688623
451	3	decorated	16.768812
451	4	the	5.869071
451	5	cake	12.893896
451	6	.	2.13141
452	1	The	0.0
452	2	painter	16.688623
452	3	decorated	16.768812
452	4	the	5.869071
452	5	wall	8.640772
452	6	.	2.230752
453	1	The	0.0
453	2	painter	16.688623
453	3	mixed	19.167854
453	4	the	5.404592
453	5	drink	14.693167
453	6	.	2.239908
454	1	The	0.0
454	2	painter	16.688623
454	3	mixed	19.167854
454	4	the	5.404592
454	5	paint	14.290839
454	6	.	2.802111
455	1	The	0.0
455	2	painter	16.688623
455	3	painted	12.846281
455	4	the	3.569272
455	5	toenail	17.994854
455	6	.	2.212115
456	1	The	0.0
456	2	painter	16.688623
456	3	painted	12.846281
456	4	the	3.569272
456	5	picture	8.066149
456	6	.	2.259536
457	1	The	0.0
457	2	painter	16.688623
457	3	signed	14.425267
457	4	the	4.65745
457	5	agreement	8.375586
457	6	.	2.63454
458	1	The	0.0
458	2	painter	16.688623
458	3	signed	14.425267
458	4	the	4.65745
458	5	paint	14.105126
458	6	.	3.599941
459	1	The	0.0
459	2	parent	10.302892
459	3	gave	12.994501
459	4	the	2.553045
459	5	gun	15.297887
459	6	.	5.307349
460	1	The	0.0
460	2	parent	10.302892
460	3	gave	12.994501
460	4	the	2.553045
460	5	present	13.189651
460	6	.	8.071957
461	1	The	0.0
461	2	passenger	14.371239
461	3	bought	13.261372
461	4	the	3.292375
461	5	table	12.836027
461	6	.	1.889189
462	1	The	0.0
462	2	passenger	14.371239
462	3	bought	13.261372
462	4	the	3.292375
462	5	ticket	10.511389
462	6	.	2.129583
463	1	The	0.0
463	2	passenger	14.371239
463	3	passed	15.292641
463	4	the	4.238855
463	5	ball	10.438459
463	6	.	1.919398
464	1	The	0.0
464	2	passenger	14.371239
464	3	passed	15.292641
464	4	the	4.238855
464	5	check	11.425815
464	6	.	1.843858
465	1	The	0.0
465	2	passenger	14.371239
465	3	pulled	17.235533
465	4	the	4.228393
465	5	corpse	13.422791
465	6	.	2.820692
466	1	The	0.0
466	2	passenger	14.371239
466	3	pulled	17.235533
466	4	the	4.228393
466	5	suitcase	14.80424
466	6	.	2.607744
467	1	The	0.0
467	2	patient	13.039375
467	3	fought	14.414161
467	4	the	3.794949
467	5	fire	10.186974
467	6	.	2.274469
468	1	The	0.0
468	2	patient	13.039375
468	3	fought	14.414161
468	4	the	3.794949
468	5	cancer	12.480976
468	6	.	2.678262
469	1	The	0.0
469	2	patient	13.039375
469	3	reported	12.230282
469	4	the	4.353811
469	5	crime	12.271712
469	6	.	2.995676
470	1	The	0.0
470	2	patient	13.039375
470	3	reported	12.230282
470	4	the	4.353811
470	5	symptom	17.091118
470	6	.	2.709365
471	1	The	0.0
471	2	UNK-LC	9.832897
471	3	examined	18.688709
471	4	the	2.880836
471	5	camera	11.636597
471	6	.	1.797098
472	1	The	0.0
472	2	UNK-LC	9.832897
472	3	examined	18.688709
472	4	the	2.880836
472	5	book	9.21305
472	6	.	1.716603
473	1	The	0.0
473	2	photographer	16.681864
473	3	captured	16.314938
473	4	the	2.809152
473	5	thief	14.228517
473	6	.	2.245964
474	1	The	0.0
474	2	photographer	16.681864
474	3	captured	16.314938
474	4	the	2.809152
474	5	image	11.311371
474	6	.	4.398335
475	1	The	0.0
475	2	photographer	16.681864
475	3	examined	14.933906
475	4	the	2.103247
475	5	dog	11.905914
475	6	.	2.584674
476	1	The	0.0
476	2	photographer	16.681864
476	3	examined	14.933906
476	4	the	2.103247
476	5	camera	10.151362
476	6	.	2.147236
477	1	The	0.0
477	2	photographer	16.681864
477	3	prepared	13.426233
477	4	the	5.716655
477	5	food	12.267477
477	6	.	3.584696
478	1	The	0.0
478	2	photographer	16.681864
478	3	prepared	13.426233
478	4	the	5.716655
478	5	camera	10.13671
478	6	.	2.74029
479	1	The	0.0
479	2	photographer	16.681864
479	3	used	10.57981
479	4	the	4.15113
479	5	stethoscope	19.803686
479	6	.	2.632754
480	1	The	0.0
480	2	photographer	16.681864
480	3	used	10.57981
480	4	the	4.15113
480	5	camera	9.478481
480	6	.	2.887736
481	1	The	0.0
481	2	pilot	12.603182
481	3	began	11.620906
481	4	the	4.516775
481	5	performance	10.259561
481	6	.	3.962453
482	1	The	0.0
482	2	pilot	12.603182
482	3	began	11.620906
482	4	the	4.516775
482	5	race	9.116813
482	6	.	1.612234
483	1	The	0.0
483	2	pilot	12.603182
483	3	started	12.360294
483	4	the	4.208268
483	5	concert	14.004886
483	6	.	2.02065
484	1	The	0.0
484	2	pilot	12.603182
484	3	started	12.360294
484	4	the	4.208268
484	5	race	9.172115
484	6	.	1.689469
485	1	The	0.0
485	2	pilot	12.603182
485	3	won	11.275139
485	4	the	3.191759
485	5	lottery	12.615007
485	6	.	2.245741
486	1	The	0.0
486	2	pilot	12.603182
486	3	won	11.275139
486	4	the	3.191759
486	5	race	10.327911
486	6	.	1.837655
487	1	The	0.0
487	2	player	14.186077
487	3	began	11.673852
487	4	the	4.777565
487	5	class	12.366101
487	6	.	2.443568
488	1	The	0.0
488	2	player	14.186077
488	3	began	11.673852
488	4	the	4.777565
488	5	match	12.539324
488	6	.	1.57322
489	1	The	0.0
489	2	player	14.186077
489	3	enjoyed	13.63536
489	4	the	3.88199
489	5	beer	14.151253
489	6	.	2.603724
490	1	The	0.0
490	2	player	14.186077
490	3	enjoyed	13.63536
490	4	the	3.88199
490	5	game	9.885259
490	6	.	1.922628
491	1	The	0.0
491	2	player	14.186077
491	3	gained	14.254519
491	4	the	4.50848
491	5	degree	11.54119
491	6	.	3.45618
492	1	The	0.0
492	2	player	14.186077
492	3	gained	14.254519
492	4	the	4.50848
492	5	ball	8.457551
492	6	.	1.945671
493	1	The	0.0
493	2	player	14.186077
493	3	gathered	14.951991
493	4	the	6.992151
493	5	grass	13.575891
493	6	.	2.278176
494	1	The	0.0
494	2	player	14.186077
494	3	gathered	14.951991
494	4	the	6.992151
494	5	ball	9.113149
494	6	.	2.318985
495	1	The	0.0
495	2	player	14.186077
495	3	passed	13.416832
495	4	the	4.875834
495	5	exam	12.683391
495	6	.	1.810611
496	1	The	0.0
496	2	player	14.186077
496	3	passed	13.416832
496	4	the	4.875834
496	5	ball	9.898265
496	6	.	2.070946
497	1	The	0.0
497	2	player	14.186077
497	3	reached	13.273234
497	4	the	3.051619
497	5	moon	12.976168
497	6	.	1.785615
498	1	The	0.0
498	2	player	14.186077
498	3	reached	13.273234
498	4	the	3.051619
498	5	goal	9.099266
498	6	.	3.039886
499	1	The	0.0
499	2	player	14.186077
499	3	touched	15.785043
499	4	the	4.788591
499	5	flower	16.326267
499	6	.	3.206052
500	1	The	0.0
500	2	player	14.186077
500	3	touched	15.785043
500	4	the	4.788591
500	5	base	10.96215
500	6	.	3.412481
501	1	The	0.0
501	2	poet	15.528842
501	3	wrote	11.490385
501	4	the	3.982403
501	5	menu	13.69994
501	6	.	2.365193
502	1	The	0.0
502	2	poet	15.528842
502	3	wrote	11.490385
502	4	the	3.982403
502	5	UNK-LC	8.956302
502	6	.	2.684113
503	1	The	0.0
503	2	policeman	15.936554
503	3	captured	15.252947
503	4	the	3.033383
503	5	image	11.423582
503	6	.	3.881361
504	1	The	0.0
504	2	policeman	15.936554
504	3	captured	15.252947
504	4	the	3.033383
504	5	thief	13.413532
504	6	.	1.914112
505	1	The	0.0
505	2	policeman	15.936554
505	3	checked	15.56346
505	4	the	4.195363
505	5	groceries	16.530815
505	6	.	2.432362
506	1	The	0.0
506	2	policeman	15.936554
506	3	checked	15.56346
506	4	the	4.195363
506	5	bag	9.091936
506	6	.	2.420028
507	1	The	0.0
507	2	policeman	15.936554
507	3	examined	17.044714
507	4	the	2.662908
507	5	patient	12.021463
507	6	.	2.53509
508	1	The	0.0
508	2	policeman	15.936554
508	3	examined	17.044714
508	4	the	2.662908
508	5	car	9.194366
508	6	.	2.342492
509	1	The	0.0
509	2	policeman	15.936554
509	3	fought	14.110365
509	4	the	3.773189
509	5	obesity	22.783611
509	6	.	2.358017
510	1	The	0.0
510	2	policeman	15.936554
510	3	fought	14.110365
510	4	the	3.773189
510	5	crime	13.453056
510	6	.	2.429397
511	1	The	0.0
511	2	policeman	15.936554
511	3	hit	13.678588
511	4	the	2.526314
511	5	ball	7.356673
511	6	.	1.858505
512	1	The	0.0
512	2	policeman	15.936554
512	3	hit	13.678588
512	4	the	2.526314
512	5	demonstrator	18.773357
512	6	.	1.746557
513	1	The	0.0
513	2	policeman	15.936554
513	3	pushed	15.347813
513	4	the	2.711902
513	5	stroller	16.90666
513	6	.	3.374824
514	1	The	0.0
514	2	policeman	15.936554
514	3	pushed	15.347813
514	4	the	2.711902
514	5	demonstrator	18.04631
514	6	.	3.804933
515	1	The	0.0
515	2	politician	15.680755
515	3	signed	13.421811
515	4	the	4.232262
515	5	paint	15.648919
515	6	.	3.698893
516	1	The	0.0
516	2	politician	15.680755
516	3	signed	13.421811
516	4	the	4.232262
516	5	agreement	6.931138
516	6	.	2.732144
517	1	The	0.0
517	2	porter	18.572809
517	3	carried	12.256969
517	4	the	3.953677
517	5	flag	9.679894
517	6	.	2.382257
518	1	The	0.0
518	2	porter	18.572809
518	3	carried	12.256969
518	4	the	3.953677
518	5	bag	10.410275
518	6	.	2.737597
519	1	The	0.0
519	2	porter	18.572809
519	3	loaded	14.301838
519	4	the	4.040521
519	5	file	15.605896
519	6	.	1.955352
520	1	The	0.0
520	2	porter	18.572809
520	3	loaded	14.301838
520	4	the	4.040521
520	5	luggage	16.630095
520	6	.	2.447629
521	1	The	0.0
521	2	porter	18.572809
521	3	stacked	15.804344
521	4	the	6.000293
521	5	wood	11.914262
521	6	.	2.643291
522	1	The	0.0
522	2	porter	18.572809
522	3	stacked	15.804344
522	4	the	6.000293
522	5	suitcase	14.318861
522	6	.	1.631851
523	1	The	0.0
523	2	postman	18.339558
523	3	delivered	14.43977
523	4	the	3.565986
523	5	punch	13.470435
523	6	.	2.799134
524	1	The	0.0
524	2	postman	18.339558
524	3	delivered	14.43977
524	4	the	3.565986
524	5	mail	10.521592
524	6	.	2.963938
525	1	The	0.0
525	2	president	7.935963
525	3	delivered	13.543732
525	4	the	3.460327
525	5	kick	14.104278
525	6	.	2.795246
526	1	The	0.0
526	2	president	7.935963
526	3	delivered	13.543732
526	4	the	3.460327
526	5	speech	9.916344
526	6	.	2.382722
527	1	The	0.0
527	2	president	7.935963
527	3	gave	11.141819
527	4	the	2.502246
527	5	book	10.550731
527	6	.	5.264851
528	1	The	0.0
528	2	president	7.935963
528	3	gave	11.141819
528	4	the	2.502246
528	5	speech	10.122313
528	6	.	4.028705
529	1	The	0.0
529	2	president	7.935963
529	3	promised	12.432318
529	4	the	4.039063
529	5	bicycle	17.929407
529	6	.	3.582214
530	1	The	0.0
530	2	president	7.935963
530	3	promised	12.432318
530	4	the	4.039063
530	5	reform	12.012214
530	6	.	3.558043
531	1	The	0.0
531	2	president	7.935963
531	3	visited	14.54811
531	4	the	1.605186
531	5	grandmother	18.118986
531	6	.	2.009773
532	1	The	0.0
532	2	president	7.935963
532	3	visited	14.54811
532	4	the	1.605186
532	5	school	9.276659
532	6	.	1.921632
533	1	The	0.0
533	2	priest	15.864408
533	3	celebrated	15.914757
533	4	the	4.063979
533	5	graduation	15.270817
533	6	.	3.269952
534	1	The	0.0
534	2	priest	15.864408
534	3	celebrated	15.914757
534	4	the	4.063979
534	5	marriage	11.557226
534	6	.	2.246805
535	1	The	0.0
535	2	priest	15.864408
535	3	promised	13.630005
535	4	the	4.251967
535	5	promotion	11.891444
535	6	.	3.05216
536	1	The	0.0
536	2	priest	15.864408
536	3	promised	13.630005
536	4	the	4.251967
536	5	salvation	16.37575
536	6	.	4.500304
537	1	The	0.0
537	2	priest	15.864408
537	3	taught	13.895511
537	4	the	3.488477
537	5	chemistry	16.186251
537	6	.	2.889724
538	1	The	0.0
538	2	priest	15.864408
538	3	taught	13.895511
538	4	the	3.488477
538	5	bible	15.047133
538	6	.	2.680417
539	1	The	0.0
539	2	producer	12.114032
539	3	released	15.472478
539	4	the	4.400893
539	5	prisoner	18.961596
539	6	.	3.598691
540	1	The	0.0
540	2	producer	12.114032
540	3	released	15.472478
540	4	the	4.400893
540	5	film	9.748862
540	6	.	2.635121
541	1	The	0.0
541	2	professor	15.207134
541	3	delivered	15.556618
541	4	the	4.944266
541	5	kick	13.932716
541	6	.	3.119457
542	1	The	0.0
542	2	professor	15.207134
542	3	delivered	15.556618
542	4	the	4.944266
542	5	lecture	11.440792
542	6	.	3.25045
543	1	The	0.0
543	2	professor	15.207134
543	3	donated	15.901334
543	4	the	5.296471
543	5	organ	13.608335
543	6	.	2.880667
544	1	The	0.0
544	2	professor	15.207134
544	3	donated	15.901334
544	4	the	5.296471
544	5	book	7.794486
544	6	.	2.983592
545	1	The	0.0
545	2	professor	15.207134
545	3	opened	13.834021
545	4	the	3.810027
545	5	jail	13.230339
545	6	.	2.938681
546	1	The	0.0
546	2	professor	15.207134
546	3	opened	13.834021
546	4	the	3.810027
546	5	congress	16.066002
546	6	.	2.734253
547	1	The	0.0
547	2	professor	15.207134
547	3	taught	14.77118
547	4	the	3.674829
547	5	karate	18.172699
547	6	.	4.161053
548	1	The	0.0
548	2	professor	15.207134
548	3	taught	14.77118
548	4	the	3.674829
548	5	language	10.568709
548	6	.	3.265183
549	1	The	0.0
549	2	professor	15.207134
549	3	wore	13.849136
549	4	the	3.912148
549	5	goggles	14.55247
549	6	.	2.905092
550	1	The	0.0
550	2	professor	15.207134
550	3	wore	13.849136
550	4	the	3.912148
550	5	tie	12.405846
550	6	.	2.868852
551	1	The	0.0
551	2	professor	15.207134
551	3	wrote	10.625466
551	4	the	4.429667
551	5	magazine	8.771208
551	6	.	3.001222
552	1	The	0.0
552	2	professor	15.207134
552	3	wrote	10.625466
552	4	the	4.429667
552	5	book	6.804842
552	6	.	2.749653
553	1	The	0.0
553	2	programmer	19.226709
553	3	described	11.938087
553	4	the	2.275617
553	5	monument	16.676571
553	6	.	2.529382
554	1	The	0.0
554	2	programmer	19.226709
554	3	described	11.938087
554	4	the	2.275617
554	5	software	13.068394
554	6	.	3.936644
555	1	The	0.0
555	2	programmer	19.226709
555	3	loaded	16.292597
555	4	the	3.933347
555	5	ammunition	18.478594
555	6	.	2.618817
556	1	The	0.0
556	2	programmer	19.226709
556	3	loaded	16.292597
556	4	the	3.933347
556	5	file	13.898317
556	6	.	2.2903
557	1	The	0.0
557	2	programmer	19.226709
557	3	used	10.396065
557	4	the	4.09601
557	5	shovel	16.439146
557	6	.	2.753236
558	1	The	0.0
558	2	programmer	19.226709
558	3	used	10.396065
558	4	the	4.09601
558	5	computer	8.952624
558	6	.	3.338645
559	1	The	0.0
559	2	pupil	19.118093
559	3	drew	14.239858
559	4	the	3.635218
559	5	turbine	19.361601
559	6	.	3.183085
560	1	The	0.0
560	2	pupil	19.118093
560	3	drew	14.239858
560	4	the	3.635218
560	5	flower	17.427748
560	6	.	3.118464
561	1	The	0.0
561	2	pusher	18.744066
561	3	sold	9.416761
561	4	the	4.043727
561	5	chocolate	15.001928
561	6	.	3.457686
562	1	The	0.0
562	2	pusher	18.744066
562	3	sold	9.416761
562	4	the	4.043727
562	5	drug	7.991307
562	6	.	2.79652
563	1	The	0.0
563	2	UNK-LC	9.832897
563	3	started	12.906789
563	4	the	4.3182
563	5	computer	11.371051
563	6	.	2.867721
564	1	The	0.0
564	2	UNK-LC	9.832897
564	3	started	12.906789
564	4	the	4.3182
564	5	fire	11.383918
564	6	.	1.890326
565	1	The	0.0
565	2	receiver	15.994592
565	3	caught	14.022617
565	4	the	2.734959
565	5	wave	12.594871
565	6	.	5.623225
566	1	The	0.0
566	2	receiver	15.994592
566	3	caught	14.022617
566	4	the	2.734959
566	5	baseball	13.597892
566	6	.	6.311287
567	1	The	0.0
567	2	referee	16.581593
567	3	moved	12.648729
567	4	the	5.741681
567	5	furniture	13.279499
567	6	.	3.598952
568	1	The	0.0
568	2	referee	16.581593
568	3	moved	12.648729
568	4	the	5.741681
568	5	ball	8.007798
568	6	.	3.119441
569	1	The	0.0
569	2	refugee	16.568424
569	3	found	11.911175
569	4	the	4.659219
569	5	doll	15.873324
569	6	.	3.75683
570	1	The	0.0
570	2	refugee	16.568424
570	3	found	11.911175
570	4	the	4.659219
570	5	shelter	13.191281
570	6	.	3.876222
571	1	The	0.0
571	2	reporter	14.65872
571	3	brought	11.914286
571	4	the	3.338187
571	5	cake	12.567203
571	6	.	3.639996
572	1	The	0.0
572	2	reporter	14.65872
572	3	brought	11.914286
572	4	the	3.338187
572	5	news	8.235752
572	6	.	3.731312
573	1	The	0.0
573	2	reporter	14.65872
573	3	held	11.933705
573	4	the	4.233305
573	5	knife	15.014002
573	6	.	2.300938
574	1	The	0.0
574	2	reporter	14.65872
574	3	held	11.933705
574	4	the	4.233305
574	5	camera	11.172578
574	6	.	2.46288
575	1	The	0.0
575	2	UNK-LC-er	12.617924
575	3	climbed	17.353029
575	4	the	5.056592
575	5	rock	13.00858
575	6	.	2.58931
576	1	The	0.0
576	2	UNK-LC-er	12.617924
576	3	climbed	17.353029
576	4	the	5.056592
576	5	ladder	8.745443
576	6	.	1.920336
577	1	The	0.0
577	2	sailor	17.615604
577	3	faced	14.662067
577	4	the	3.827629
577	5	wall	10.287365
577	6	.	1.961681
578	1	The	0.0
578	2	sailor	17.615604
578	3	faced	14.662067
578	4	the	3.827629
578	5	ocean	13.13113
578	6	.	2.190972
579	1	The	0.0
579	2	sailor	17.615604
579	3	mopped	23.723515
579	4	the	5.091444
579	5	classroom	14.384997
579	6	.	1.973059
580	1	The	0.0
580	2	sailor	17.615604
580	3	mopped	23.723515
580	4	the	5.091444
580	5	deck	9.376875
580	6	.	2.41313
581	1	The	0.0
581	2	sailor	17.615604
581	3	tied	15.874432
581	4	the	5.289068
581	5	necktie	13.612548
581	6	.	2.647755
582	1	The	0.0
582	2	sailor	17.615604
582	3	tied	15.874432
582	4	the	5.289068
582	5	rope	12.201679
582	6	.	2.9672
583	1	The	0.0
583	2	salesperson	17.1954
583	3	sent	11.491377
583	4	the	3.003213
583	5	gun	10.94996
583	6	.	4.418087
584	1	The	0.0
584	2	salesperson	17.1954
584	3	sent	11.491377
584	4	the	3.003213
584	5	questionnaire	14.432536
584	6	.	4.083233
585	1	The	0.0
585	2	scientist	15.635118
585	3	reported	11.936556
585	4	the	4.326622
585	5	marriage	12.076635
585	6	.	2.842771
586	1	The	0.0
586	2	scientist	15.635118
586	3	reported	11.936556
586	4	the	4.326622
586	5	finding	11.456349
586	6	.	2.768527
587	1	The	0.0
587	2	scoutmaster	21.557991
587	3	assembled	15.504747
587	4	the	6.678817
587	5	sailboat	16.043686
587	6	.	1.899814
588	1	The	0.0
588	2	scoutmaster	21.557991
588	3	assembled	15.504747
588	4	the	6.678817
588	5	tent	12.695686
588	6	.	2.093015
589	1	The	0.0
589	2	sculptor	18.113585
589	3	carved	16.638426
589	4	the	4.359619
589	5	meat	11.057388
589	6	.	3.709594
590	1	The	0.0
590	2	sculptor	18.113585
590	3	carved	16.638426
590	4	the	4.359619
590	5	stone	11.115436
590	6	.	3.244322
591	1	The	0.0
591	2	sculptor	18.113585
591	3	taught	13.805637
591	4	the	3.599249
591	5	UNK-LC-ing	13.266329
591	6	.	3.689079
592	1	The	0.0
592	2	sculptor	18.113585
592	3	taught	13.805637
592	4	the	3.599249
592	5	art	9.29112
592	6	.	3.545774
593	1	The	0.0
593	2	secretary	11.932017
593	3	wrote	12.942107
593	4	the	4.212166
593	5	UNK-LC	10.442947
593	6	.	2.854084
594	1	The	0.0
594	2	secretary	11.932017
594	3	wrote	12.942107
594	4	the	4.212166
594	5	note	12.2229
594	6	.	3.000177
595	1	The	0.0
595	2	sergeant	18.589239
595	3	assigned	14.039592
595	4	the	3.960531
595	5	homework	16.585745
595	6	.	2.454765
596	1	The	0.0
596	2	sergeant	18.589239
596	3	assigned	14.039592
596	4	the	3.960531
596	5	mission	12.960398
596	6	.	2.737009
597	1	The	0.0
597	2	singer	15.160041
597	3	began	11.932158
597	4	the	4.196115
597	5	race	9.119243
597	6	.	1.892514
598	1	The	0.0
598	2	singer	15.160041
598	3	began	11.932158
598	4	the	4.196115
598	5	performance	10.542149
598	6	.	4.35201
599	1	The	0.0
599	2	singer	15.160041
599	3	held	12.578983
599	4	the	4.453217
599	5	sword	15.091439
599	6	.	2.326334
600	1	The	0.0
600	2	singer	15.160041
600	3	held	12.578983
600	4	the	4.453217
600	5	microphone	11.676425
600	6	.	1.88378
601	1	The	0.0
601	2	singer	15.160041
601	3	performed	14.139179
601	4	the	5.280466
601	5	trick	9.968628
601	6	.	2.63448
602	1	The	0.0
602	2	singer	15.160041
602	3	performed	14.139179
602	4	the	5.280466
602	5	music	8.718778
602	6	.	2.591107
603	1	The	0.0
603	2	singer	15.160041
603	3	recorded	15.006765
603	4	the	4.098081
603	5	recipe	13.788437
603	6	.	3.02583
604	1	The	0.0
604	2	singer	15.160041
604	3	recorded	15.006765
604	4	the	4.098081
604	5	song	10.403993
604	6	.	1.974541
605	1	The	0.0
605	2	singer	15.160041
605	3	started	11.67856
605	4	the	3.814765
605	5	videogame	20.390919
605	6	.	4.463096
606	1	The	0.0
606	2	singer	15.160041
606	3	started	11.67856
606	4	the	3.814765
606	5	concert	11.090694
606	6	.	2.329416
607	1	The	0.0
607	2	skater	18.204189
607	3	rode	16.2834
607	4	the	3.633793
607	5	bus	9.59374
607	6	.	3.396846
608	1	The	0.0
608	2	skater	18.204189
608	3	rode	16.2834
608	4	the	3.633793
608	5	skates	16.153748
608	6	.	2.935584
609	1	The	0.0
609	2	skier	19.237038
609	3	gained	14.887659
609	4	the	3.651727
609	5	ball	8.167704
609	6	.	2.243129
610	1	The	0.0
610	2	skier	19.237038
610	3	gained	14.887659
610	4	the	3.651727
610	5	speed	11.815061
610	6	.	3.719796
611	1	The	0.0
611	2	skipper	17.594725
611	3	assembled	15.567284
611	4	the	4.702403
611	5	bicycle	13.193405
611	6	.	2.347069
612	1	The	0.0
612	2	skipper	17.594725
612	3	assembled	15.567284
612	4	the	4.702403
612	5	sailboat	15.732797
612	6	.	2.108083
613	1	The	0.0
613	2	smuggler	20.096235
613	3	sold	11.312393
613	4	the	3.317936
613	5	flower	15.275072
613	6	.	3.152486
614	1	The	0.0
614	2	smuggler	20.096235
614	3	sold	11.312393
614	4	the	3.317936
614	5	weapon	11.563135
614	6	.	2.911815
615	1	The	0.0
615	2	UNK-LC-er	12.617924
615	3	flipped	18.961739
615	4	the	5.023363
615	5	bike	13.814619
615	6	.	2.283847
616	1	The	0.0
616	2	UNK-LC-er	12.617924
616	3	flipped	18.961739
616	4	the	5.023363
616	5	board	10.738598
616	6	.	2.27766
617	1	The	0.0
617	2	soldier	16.423174
617	3	carried	13.306703
617	4	the	4.20479
617	5	ball	6.654064
617	6	.	3.217041
618	1	The	0.0
618	2	soldier	16.423174
618	3	carried	13.306703
618	4	the	4.20479
618	5	rifle	11.705639
618	6	.	2.927311
619	1	The	0.0
619	2	soldier	16.423174
619	3	celebrated	15.320807
619	4	the	3.777277
619	5	graduation	15.940806
619	6	.	3.098095
620	1	The	0.0
620	2	soldier	16.423174
620	3	celebrated	15.320807
620	4	the	3.777277
620	5	victory	12.183143
620	6	.	2.503817
621	1	The	0.0
621	2	soldier	16.423174
621	3	checked	15.344763
621	4	the	4.046357
621	5	burner	14.833446
621	6	.	2.192337
622	1	The	0.0
622	2	soldier	16.423174
622	3	checked	15.344763
622	4	the	4.046357
622	5	rifle	11.254838
622	6	.	2.333564
623	1	The	0.0
623	2	soldier	16.423174
623	3	crossed	13.921297
623	4	the	2.109637
623	5	stage	5.677527
623	6	.	2.067564
624	1	The	0.0
624	2	soldier	16.423174
624	3	crossed	13.921297
624	4	the	2.109637
624	5	river	6.629652
624	6	.	1.850035
625	1	The	0.0
625	2	soldier	16.423174
625	3	dug	14.760982
625	4	the	5.772324
625	5	pool	11.744653
625	6	.	2.809526
626	1	The	0.0
626	2	soldier	16.423174
626	3	dug	14.760982
626	4	the	5.772324
626	5	trench	14.432195
626	6	.	2.615396
627	1	The	0.0
627	2	soldier	16.423174
627	3	fought	13.279705
627	4	the	3.775333
627	5	cancer	14.946569
627	6	.	2.390878
628	1	The	0.0
628	2	soldier	16.423174
628	3	fought	13.279705
628	4	the	3.775333
628	5	enemy	12.326657
628	6	.	1.879707
629	1	The	0.0
629	2	soldier	16.423174
629	3	gathered	12.922785
629	4	the	6.098034
629	5	ball	8.415772
629	6	.	2.503293
630	1	The	0.0
630	2	soldier	16.423174
630	3	gathered	12.922785
630	4	the	6.098034
630	5	ammunition	15.955799
630	6	.	2.720899
631	1	The	0.0
631	2	soldier	16.423174
631	3	gathered	12.922785
631	4	the	6.098034
631	5	grass	12.256944
631	6	.	2.444067
632	1	The	0.0
632	2	soldier	16.423174
632	3	gathered	12.922785
632	4	the	6.098034
632	5	flag	10.748828
632	6	.	2.366102
633	1	The	0.0
633	2	soldier	16.423174
633	3	heard	12.909826
633	4	the	4.054655
633	5	poem	13.862997
633	6	.	2.232613
634	1	The	0.0
634	2	soldier	16.423174
634	3	heard	12.909826
634	4	the	4.054655
634	5	command	14.488109
634	6	.	2.759434
635	1	The	0.0
635	2	soldier	16.423174
635	3	held	11.322799
635	4	the	4.452646
635	5	comb	18.039797
635	6	.	2.039695
636	1	The	0.0
636	2	soldier	16.423174
636	3	held	11.322799
636	4	the	4.452646
636	5	flag	11.055451
636	6	.	2.009606
637	1	The	0.0
637	2	soldier	16.423174
637	3	hung	15.091351
637	4	the	6.162892
637	5	picture	9.565148
637	6	.	2.387313
638	1	The	0.0
638	2	soldier	16.423174
638	3	hung	15.091351
638	4	the	6.162892
638	5	rifle	11.854913
638	6	.	2.362931
639	1	The	0.0
639	2	soldier	16.423174
639	3	reached	13.960495
639	4	the	3.111527
639	5	supermarket	15.663979
639	6	.	2.852488
640	1	The	0.0
640	2	soldier	16.423174
640	3	reached	13.960495
640	4	the	3.111527
640	5	trench	16.56465
640	6	.	2.447404
641	1	The	0.0
641	2	soldier	16.423174
641	3	released	13.844812
641	4	the	3.724071
641	5	film	9.395904
641	6	.	2.66904
642	1	The	0.0
642	2	soldier	16.423174
642	3	released	13.844812
642	4	the	3.724071
642	5	prisoner	15.674517
642	6	.	3.353092
643	1	The	0.0
643	2	soldier	16.423174
643	3	threw	13.038991
643	4	the	3.366551
643	5	ball	5.713496
643	6	.	4.019969
644	1	The	0.0
644	2	soldier	16.423174
644	3	threw	13.038991
644	4	the	3.366551
644	5	bomb	10.870059
644	6	.	3.745568
645	1	The	0.0
645	2	soldier	16.423174
645	3	threw	13.038991
645	4	the	3.366551
645	5	snowball	16.870443
645	6	.	3.177323
646	1	The	0.0
646	2	soldier	16.423174
646	3	threw	13.038991
646	4	the	3.366551
646	5	bomb	10.870059
646	6	.	3.745568
647	1	The	0.0
647	2	soldier	16.423174
647	3	used	10.048402
647	4	the	4.228156
647	5	brush	14.199482
647	6	.	2.729755
648	1	The	0.0
648	2	soldier	16.423174
648	3	used	10.048402
648	4	the	4.228156
648	5	knife	13.457485
648	6	.	2.372153
649	1	The	0.0
649	2	soldier	16.423174
649	3	wore	12.750131
649	4	the	3.721974
649	5	jeans	13.308392
649	6	.	2.112164
650	1	The	0.0
650	2	soldier	16.423174
650	3	wore	12.750131
650	4	the	3.721974
650	5	helmet	10.668635
650	6	.	2.160754
651	1	The	0.0
651	2	soldier	16.423174
651	3	wore	12.750131
651	4	the	3.721974
651	5	pajamas	16.394445
651	6	.	2.04303
652	1	The	0.0
652	2	soldier	16.423174
652	3	wore	12.750131
652	4	the	3.721974
652	5	uniform	13.392246
652	6	.	3.178643
653	1	The	0.0
653	2	speaker	13.216649
653	3	entertained	19.047003
653	4	the	2.42394
653	5	dog	13.593225
653	6	.	2.143047
654	1	The	0.0
654	2	speaker	13.216649
654	3	entertained	19.047003
654	4	the	2.42394
654	5	audience	10.761741
654	6	.	1.748813
655	1	The	0.0
655	2	spectator	18.469223
655	3	bought	12.786277
655	4	the	3.446569
655	5	car	7.574154
655	6	.	2.385878
656	1	The	0.0
656	2	spectator	18.469223
656	3	bought	12.786277
656	4	the	3.446569
656	5	ticket	10.569375
656	6	.	2.306119
657	1	The	0.0
657	2	spectator	18.469223
657	3	enjoyed	14.716917
657	4	the	3.517812
657	5	breakfast	14.622416
657	6	.	2.242176
658	1	The	0.0
658	2	spectator	18.469223
658	3	enjoyed	14.716917
658	4	the	3.517812
658	5	game	8.793927
658	6	.	1.971594
659	1	The	0.0
659	2	spectator	18.469223
659	3	heard	15.189588
659	4	the	4.396391
659	5	horn	15.182859
659	6	.	2.120831
660	1	The	0.0
660	2	spectator	18.469223
660	3	heard	15.189588
660	4	the	4.396391
660	5	speech	12.108316
660	6	.	1.946121
661	1	The	0.0
661	2	spectator	18.469223
661	3	watched	14.461038
661	4	the	3.381337
661	5	bird	12.143827
661	6	.	1.942538
662	1	The	0.0
662	2	spectator	18.469223
662	3	watched	14.461038
662	4	the	3.381337
662	5	game	8.52637
662	6	.	1.821405
663	1	The	0.0
663	2	UNK-LC	9.832897
663	3	examined	18.688709
663	4	the	2.880836
663	5	book	9.21305
663	6	.	1.716603
664	1	The	0.0
664	2	UNK-LC	9.832897
664	3	examined	18.688709
664	4	the	2.880836
664	5	cave	15.400452
664	6	.	1.839617
665	1	The	0.0
665	2	spy	16.601761
665	3	passed	15.382907
665	4	the	3.750277
665	5	UNK-LC	9.563277
665	6	.	2.353786
666	1	The	0.0
666	2	spy	16.601761
666	3	passed	15.382907
666	4	the	3.750277
666	5	information	11.50087
666	6	.	2.325683
667	1	The	0.0
667	2	student	13.357796
667	3	began	13.343451
667	4	the	4.495891
667	5	match	12.204965
667	6	.	1.61957
668	1	The	0.0
668	2	student	13.357796
668	3	began	13.343451
668	4	the	4.495891
668	5	trip	9.557032
668	6	.	1.777577
669	1	The	0.0
669	2	student	13.357796
669	3	celebrated	17.458542
669	4	the	3.50097
669	5	marriage	11.649334
669	6	.	1.914188
670	1	The	0.0
670	2	student	13.357796
670	3	celebrated	17.458542
670	4	the	3.50097
670	5	graduation	15.318214
670	6	.	3.056231
671	1	The	0.0
671	2	student	13.357796
671	3	completed	18.255035
671	4	the	4.396481
671	5	marathon	13.240011
671	6	.	3.41904
672	1	The	0.0
672	2	student	13.357796
672	3	completed	18.255035
672	4	the	4.396481
672	5	project	7.174439
672	6	.	1.421298
673	1	The	0.0
673	2	student	13.357796
673	3	drank	17.995317
673	4	the	4.421258
673	5	gasoline	13.937758
673	6	.	2.77786
674	1	The	0.0
674	2	student	13.357796
674	3	drank	17.995317
674	4	the	4.421258
674	5	beer	10.460093
674	6	.	2.26747
675	1	The	0.0
675	2	student	13.357796
675	3	drank	17.995317
675	4	the	4.421258
675	5	milk	11.319967
675	6	.	2.485485
676	1	The	0.0
676	2	student	13.357796
676	3	drank	17.995317
676	4	the	4.421258
676	5	coffee	10.697665
676	6	.	2.809339
677	1	The	0.0
677	2	student	13.357796
677	3	enjoyed	15.590338
677	4	the	3.557921
677	5	marriage	12.282866
677	6	.	2.129601
678	1	The	0.0
678	2	student	13.357796
678	3	enjoyed	15.590338
678	4	the	3.557921
678	5	beer	13.59373
678	6	.	2.673876
679	1	The	0.0
679	2	student	13.357796
679	3	heard	16.344034
679	4	the	5.115554
679	5	command	15.366065
679	6	.	2.850227
680	1	The	0.0
680	2	student	13.357796
680	3	heard	16.344034
680	4	the	5.115554
680	5	lecture	14.585446
680	6	.	2.688423
681	1	The	0.0
681	2	student	13.357796
681	3	passed	15.747606
681	4	the	4.104718
681	5	river	12.05722
681	6	.	2.077464
682	1	The	0.0
682	2	student	13.357796
682	3	passed	15.747606
682	4	the	4.104718
682	5	exam	12.48993
682	6	.	1.763051
683	1	The	0.0
683	2	student	13.357796
683	3	read	12.890229
683	4	the	4.083443
683	5	hand	11.163613
683	6	.	2.557187
684	1	The	0.0
684	2	student	13.357796
684	3	read	12.890229
684	4	the	4.083443
684	5	book	7.496994
684	6	.	2.10794
685	1	The	0.0
685	2	student	13.357796
685	3	sent	14.57132
685	4	the	3.484968
685	5	bomb	12.465536
685	6	.	3.67446
686	1	The	0.0
686	2	student	13.357796
686	3	sent	14.57132
686	4	the	3.484968
686	5	UNK-LC	10.0045
686	6	.	3.754905
687	1	The	0.0
687	2	student	13.357796
687	3	threw	16.516169
687	4	the	3.26212
687	5	garbage	10.811261
687	6	.	3.771025
688	1	The	0.0
688	2	student	13.357796
688	3	threw	16.516169
688	4	the	3.26212
688	5	UNK-LC	9.448086
688	6	.	3.07366
689	1	The	0.0
689	2	student	13.357796
689	3	used	12.405705
689	4	the	4.892323
689	5	saw	19.110872
689	6	.	3.241982
690	1	The	0.0
690	2	student	13.357796
690	3	used	12.405705
690	4	the	4.892323
690	5	computer	9.210237
690	6	.	3.0249
691	1	The	0.0
691	2	student	13.357796
691	3	wore	15.515966
691	4	the	3.592635
691	5	armor	15.594164
691	6	.	2.145887
692	1	The	0.0
692	2	student	13.357796
692	3	wore	15.515966
692	4	the	3.592635
692	5	glasses	10.509592
692	6	.	2.158031
693	1	The	0.0
693	2	student	13.357796
693	3	wore	15.515966
693	4	the	3.592635
693	5	harness	19.054321
693	6	.	2.20784
694	1	The	0.0
694	2	student	13.357796
694	3	wore	15.515966
694	4	the	3.592635
694	5	glasses	10.509592
694	6	.	2.158031
695	1	The	0.0
695	2	surfer	20.932631
695	3	caught	14.046842
695	4	the	3.442273
695	5	baseball	12.912906
695	6	.	5.354805
696	1	The	0.0
696	2	surfer	20.932631
696	3	caught	14.046842
696	4	the	3.442273
696	5	wave	12.737507
696	6	.	4.656484
697	1	The	0.0
697	2	surfer	20.932631
697	3	flipped	17.579363
697	4	the	5.134816
697	5	pancake	17.980373
697	6	.	2.533475
698	1	The	0.0
698	2	surfer	20.932631
698	3	flipped	17.579363
698	4	the	5.134816
698	5	board	11.463057
698	6	.	2.547798
699	1	The	0.0
699	2	surfer	20.932631
699	3	grabbed	16.538897
699	4	the	3.166256
699	5	UNK-LC	9.250429
699	6	.	2.101761
700	1	The	0.0
700	2	surfer	20.932631
700	3	grabbed	16.538897
700	4	the	3.166256
700	5	board	10.418274
700	6	.	2.152276
701	1	The	0.0
701	2	surfer	20.932631
701	3	rode	17.699183
701	4	the	3.557652
701	5	camel	10.56049
701	6	.	3.464962
702	1	The	0.0
702	2	surfer	20.932631
702	3	rode	17.699183
702	4	the	3.557652
702	5	wave	12.624999
702	6	.	5.079179
703	1	The	0.0
703	2	surfer	20.932631
703	3	wore	14.883277
703	4	the	3.6712
703	5	tie	11.90141
703	6	.	2.339809
704	1	The	0.0
704	2	surfer	20.932631
704	3	wore	14.883277
704	4	the	3.6712
704	5	sunglasses	15.802842
704	6	.	2.281128
705	1	The	0.0
705	2	surfer	20.932631
705	3	wore	14.883277
705	4	the	3.6712
705	5	tuxedo	14.739343
705	6	.	2.182483
706	1	The	0.0
706	2	surfer	20.932631
706	3	wore	14.883277
706	4	the	3.6712
706	5	swimsuit	15.529489
706	6	.	3.896956
707	1	The	0.0
707	2	surgeon	15.864801
707	3	examined	16.30401
707	4	the	2.6744
707	5	car	11.344264
707	6	.	2.281937
708	1	The	0.0
708	2	surgeon	15.864801
708	3	examined	16.30401
708	4	the	2.6744
708	5	patient	11.112673
708	6	.	2.347371
709	1	The	0.0
709	2	surgeon	15.864801
709	3	performed	17.295897
709	4	the	5.469495
709	5	dance	13.62016
709	6	.	2.999457
710	1	The	0.0
710	2	surgeon	15.864801
710	3	performed	17.295897
710	4	the	5.469495
710	5	surgery	13.141588
710	6	.	2.269289
711	1	The	0.0
711	2	surgeon	15.864801
711	3	used	12.444536
711	4	the	5.631659
711	5	rifle	16.894466
711	6	.	2.912082
712	1	The	0.0
712	2	surgeon	15.864801
712	3	used	12.444536
712	4	the	5.631659
712	5	UNK-LC	9.033676
712	6	.	3.002674
713	1	The	0.0
713	2	sweeper	19.662668
713	3	cleaned	17.316206
713	4	the	4.742133
713	5	window	8.541648
713	6	.	2.916072
714	1	The	0.0
714	2	sweeper	19.662668
714	3	cleaned	17.316206
714	4	the	4.742133
714	5	street	7.965527
714	6	.	2.694371
715	1	The	0.0
715	2	swimmer	18.36787
715	3	wore	12.904045
715	4	the	3.680492
715	5	cloak	15.982293
715	6	.	3.833668
716	1	The	0.0
716	2	swimmer	18.36787
716	3	wore	12.904045
716	4	the	3.680492
716	5	goggles	13.556263
716	6	.	2.49617
717	1	The	0.0
717	2	tailor	19.484287
717	3	sewed	20.842976
717	4	the	5.379373
717	5	wound	15.378154
717	6	.	2.395713
718	1	The	0.0
718	2	tailor	19.484287
718	3	sewed	20.842976
718	4	the	5.379373
718	5	dress	14.222394
718	6	.	2.728875
719	1	The	0.0
719	2	teacher	14.873145
719	3	explained	14.249806
719	4	the	4.127367
719	5	tactic	13.558379
719	6	.	2.161236
720	1	The	0.0
720	2	teacher	14.873145
720	3	explained	14.249806
720	4	the	4.127367
720	5	exercise	11.655368
720	6	.	3.213171
721	1	The	0.0
721	2	teacher	14.873145
721	3	gave	11.343514
721	4	the	2.754264
721	5	drug	8.248773
721	6	.	5.702928
722	1	The	0.0
722	2	teacher	14.873145
722	3	gave	11.343514
722	4	the	2.754264
722	5	homework	16.270868
722	6	.	4.349094
723	1	The	0.0
723	2	teacher	14.873145
723	3	helped	12.968534
723	4	the	4.128255
723	5	patient	9.21584
723	6	.	3.715436
724	1	The	0.0
724	2	teacher	14.873145
724	3	helped	12.968534
724	4	the	4.128255
724	5	child	9.094054
724	6	.	3.006378
725	1	The	0.0
725	2	teacher	14.873145
725	3	lent	16.832417
725	4	the	3.473695
725	5	gun	11.72609
725	6	.	3.955999
726	1	The	0.0
726	2	teacher	14.873145
726	3	lent	16.832417
726	4	the	3.473695
726	5	book	8.361544
726	6	.	3.679966
727	1	The	0.0
727	2	teacher	14.873145
727	3	used	10.82532
727	4	the	4.539983
727	5	knife	14.803388
727	6	.	2.453059
728	1	The	0.0
728	2	teacher	14.873145
728	3	used	10.82532
728	4	the	4.539983
728	5	blackboard	16.881973
728	6	.	2.44803
729	1	The	0.0
729	2	teenager	19.876366
729	3	heard	13.860591
729	4	the	3.577942
729	5	lecture	14.014207
729	6	.	2.722949
730	1	The	0.0
730	2	teenager	19.876366
730	3	heard	13.860591
730	4	the	3.577942
730	5	music	10.343643
730	6	.	2.695593
731	1	The	0.0
731	2	terrorist	16.020687
731	3	released	17.211475
731	4	the	5.469535
731	5	book	9.268657
731	6	.	2.401318
732	1	The	0.0
732	2	terrorist	16.020687
732	3	released	17.211475
732	4	the	5.469535
732	5	hostage	11.545768
732	6	.	4.728997
733	1	The	0.0
733	2	thief	17.085197
733	3	grabbed	14.755817
733	4	the	3.132667
733	5	banana	12.255337
733	6	.	2.641981
734	1	The	0.0
734	2	thief	17.085197
734	3	grabbed	14.755817
734	4	the	3.132667
734	5	money	8.513109
734	6	.	2.106988
735	1	The	0.0
735	2	tourist	14.887737
735	3	read	13.22882
735	4	the	3.919754
735	5	bible	13.601109
735	6	.	2.199248
736	1	The	0.0
736	2	tourist	14.887737
736	3	read	13.22882
736	4	the	3.919754
736	5	map	13.346889
736	6	.	1.772161
737	1	The	0.0
737	2	tourist	14.887737
737	3	rode	19.624157
737	4	the	4.253753
737	5	skates	16.554424
737	6	.	2.00226
738	1	The	0.0
738	2	tourist	14.887737
738	3	rode	19.624157
738	4	the	4.253753
738	5	camel	11.220895
738	6	.	2.216537
739	1	The	0.0
739	2	tourist	14.887737
739	3	visited	18.928928
739	4	the	2.564812
739	5	patient	13.626362
739	6	.	1.677599
740	1	The	0.0
740	2	tourist	14.887737
740	3	visited	18.928928
740	4	the	2.564812
740	5	museum	8.387383
740	6	.	1.521881
741	1	The	0.0
741	2	UNK-LC-er	12.617924
741	3	checked	17.387402
741	4	the	4.078295
741	5	groceries	17.728235
741	6	.	2.072893
742	1	The	0.0
742	2	UNK-LC-er	12.617924
742	3	checked	17.387402
742	4	the	4.078295
742	5	bag	10.792244
742	6	.	2.102155
743	1	The	0.0
743	2	UNK-LC-er	12.617924
743	3	checked	17.387402
743	4	the	4.078295
743	5	team	9.88781
743	6	.	2.023895
744	1	The	0.0
744	2	UNK-LC-er	12.617924
744	3	checked	17.387402
744	4	the	4.078295
744	5	watch	13.650026
744	6	.	1.882617
745	1	The	0.0
745	2	UNK-LC-er	12.617924
745	3	handed	15.990011
745	4	the	3.627697
745	5	screwdriver	16.748192
745	6	.	3.589186
746	1	The	0.0
746	2	UNK-LC-er	12.617924
746	3	handed	15.990011
746	4	the	3.627697
746	5	bag	10.629339
746	6	.	3.571439
747	1	The	0.0
747	2	truck	13.57751
747	3	hit	11.139601
747	4	the	2.820619
747	5	bag	11.783288
747	6	.	1.606365
748	1	The	0.0
748	2	truck	13.57751
748	3	hit	11.139601
748	4	the	2.820619
748	5	car	7.418675
748	6	.	1.939172
749	1	The	0.0
749	2	truck	13.57751
749	3	plowed	18.262959
749	4	the	6.22914
749	5	garden	10.984204
749	6	.	2.500047
750	1	The	0.0
750	2	truck	13.57751
750	3	plowed	18.262959
750	4	the	6.22914
750	5	snow	10.572876
750	6	.	2.630516
751	1	The	0.0
751	2	undertaker	17.581509
751	3	dug	15.435512
751	4	the	6.336116
751	5	trench	14.610942
751	6	.	2.657597
752	1	The	0.0
752	2	undertaker	17.581509
752	3	dug	15.435512
752	4	the	6.336116
752	5	grave	11.354248
752	6	.	2.4898
753	1	The	0.0
753	2	UNK-LC-er	12.617924
753	3	lent	17.800623
753	4	the	3.636005
753	5	toy	13.336238
753	6	.	4.312604
754	1	The	0.0
754	2	UNK-LC-er	12.617924
754	3	lent	17.800623
754	4	the	3.636005
754	5	money	5.376635
754	6	.	3.216111
755	1	The	0.0
755	2	UNK-LC-al	13.890865
755	3	sprayed	21.772085
755	4	the	5.316169
755	5	perfume	15.280604
755	6	.	2.224279
756	1	The	0.0
756	2	UNK-LC-al	13.890865
756	3	sprayed	21.772085
756	4	the	5.316169
756	5	paint	12.33742
756	6	.	3.029305
757	1	The	0.0
757	2	veterinarian	20.297287
757	3	examined	15.022801
757	4	the	2.039217
757	5	plant	10.383203
757	6	.	2.192388
758	1	The	0.0
758	2	veterinarian	20.297287
758	3	examined	15.022801
758	4	the	2.039217
758	5	dog	12.500288
758	6	.	2.534782
759	1	The	0.0
759	2	violinist	19.070217
759	3	played	11.786617
759	4	the	4.325677
759	5	trumpet	13.175763
759	6	.	2.765959
760	1	The	0.0
760	2	violinist	19.070217
760	3	played	11.786617
760	4	the	4.325677
760	5	violin	12.21076
760	6	.	2.281657
761	1	The	0.0
761	2	violinist	19.070217
761	3	wore	13.645188
761	4	the	3.469739
761	5	helmet	10.528332
761	6	.	2.301169
762	1	The	0.0
762	2	violinist	19.070217
762	3	wore	13.645188
762	4	the	3.469739
762	5	tuxedo	13.657663
762	6	.	2.286281
763	1	The	0.0
763	2	volunteer	16.756529
763	3	brought	15.372147
763	4	the	3.600725
763	5	hatchet	16.276852
763	6	.	3.33278
764	1	The	0.0
764	2	volunteer	16.756529
764	3	brought	15.372147
764	4	the	3.600725
764	5	food	10.600904
764	6	.	4.575508
765	1	The	0.0
765	2	waiter	17.252216
765	3	brought	11.187236
765	4	the	3.695953
765	5	guitar	12.133417
765	6	.	3.487111
766	1	The	0.0
766	2	waiter	17.252216
766	3	brought	11.187236
766	4	the	3.695953
766	5	glass	10.892992
766	6	.	4.061451
767	1	The	0.0
767	2	waiter	17.252216
767	3	carried	13.469705
767	4	the	3.916664
767	5	rifle	12.678016
767	6	.	3.17117
768	1	The	0.0
768	2	waiter	17.252216
768	3	carried	13.469705
768	4	the	3.916664
768	5	tray	15.461912
768	6	.	3.398354
769	1	The	0.0
769	2	waiter	17.252216
769	3	cleared	15.19861
769	4	the	2.779134
769	5	road	9.685382
769	6	.	2.191752
770	1	The	0.0
770	2	waiter	17.252216
770	3	cleared	15.19861
770	4	the	2.779134
770	5	bar	10.777167
770	6	.	2.282133
771	1	The	0.0
771	2	waiter	17.252216
771	3	cleared	15.19861
771	4	the	2.779134
771	5	tube	12.970567
771	6	.	2.098664
772	1	The	0.0
772	2	waiter	17.252216
772	3	cleared	15.19861
772	4	the	2.779134
772	5	table	9.951709
772	6	.	2.048104
773	1	The	0.0
773	2	waiter	17.252216
773	3	cut	13.868332
773	4	the	2.929181
773	5	hair	10.415949
773	6	.	2.990046
774	1	The	0.0
774	2	waiter	17.252216
774	3	cut	13.868332
774	4	the	2.929181
774	5	cake	13.196753
774	6	.	2.599315
775	1	The	0.0
775	2	waiter	17.252216
775	3	delivered	13.73087
775	4	the	3.971294
775	5	speech	10.637379
775	6	.	2.490089
776	1	The	0.0
776	2	waiter	17.252216
776	3	delivered	13.73087
776	4	the	3.971294
776	5	drink	14.699798
776	6	.	2.806195
777	1	The	0.0
777	2	waiter	17.252216
777	3	fetched	18.619852
777	4	the	3.473596
777	5	ball	9.244694
777	6	.	2.76826
778	1	The	0.0
778	2	waiter	17.252216
778	3	fetched	18.619852
778	4	the	3.473596
778	5	water	10.356624
778	6	.	2.705782
779	1	The	0.0
779	2	waiter	17.252216
779	3	held	11.620482
779	4	the	4.344887
779	5	flag	12.248355
779	6	.	2.248761
780	1	The	0.0
780	2	waiter	17.252216
780	3	held	11.620482
780	4	the	4.344887
780	5	bottle	12.098652
780	6	.	2.326299
781	1	The	0.0
781	2	waiter	17.252216
781	3	mixed	17.913349
781	4	the	6.007975
781	5	cement	17.003103
781	6	.	3.06054
782	1	The	0.0
782	2	waiter	17.252216
782	3	mixed	17.913349
782	4	the	6.007975
782	5	drink	14.447963
782	6	.	2.09545
783	1	The	0.0
783	2	waiter	17.252216
783	3	opened	12.791321
783	4	the	4.328224
783	5	sarcophagus	21.814663
783	6	.	2.217019
784	1	The	0.0
784	2	waiter	17.252216
784	3	opened	12.791321
784	4	the	4.328224
784	5	bottle	11.061385
784	6	.	2.270006
785	1	The	0.0
785	2	waiter	17.252216
785	3	poured	15.995211
785	4	the	5.186913
785	5	gasoline	15.035524
785	6	.	4.012285
786	1	The	0.0
786	2	waiter	17.252216
786	3	poured	15.995211
786	4	the	5.186913
786	5	wine	11.672453
786	6	.	4.075672
787	1	The	0.0
787	2	waiter	17.252216
787	3	prepared	13.554881
787	4	the	6.324762
787	5	bomb	12.067522
787	6	.	2.464085
788	1	The	0.0
788	2	waiter	17.252216
788	3	prepared	13.554881
788	4	the	6.324762
788	5	drink	15.141232
788	6	.	2.658809
789	1	The	0.0
789	2	witness	15.065224
789	3	explained	13.351708
789	4	the	4.925611
789	5	equation	16.453951
789	6	.	2.29298
790	1	The	0.0
790	2	witness	15.065224
790	3	explained	13.351708
790	4	the	4.925611
790	5	circumstances	12.171495
790	6	.	2.772238
791	1	The	0.0
791	2	witness	15.065224
791	3	reported	11.794793
791	4	the	5.238091
791	5	birth	12.390222
791	6	.	4.600153
792	1	The	0.0
792	2	witness	15.065224
792	3	reported	11.794793
792	4	the	5.238091
792	5	crime	11.57728
792	6	.	2.69888
793	1	The	0.0
793	2	woman	11.838908
793	3	carried	14.450195
793	4	the	4.119983
793	5	stone	12.781135
793	6	.	3.288116
794	1	The	0.0
794	2	woman	11.838908
794	3	carried	14.450195
794	4	the	4.119983
794	5	bag	9.181949
794	6	.	3.297689
795	1	The	0.0
795	2	woman	11.838908
795	3	opened	13.159904
795	4	the	3.933719
795	5	manhole	16.973431
795	6	.	1.847157
796	1	The	0.0
796	2	woman	11.838908
796	3	opened	13.159904
796	4	the	3.933719
796	5	bag	9.409227
796	6	.	2.233215
797	1	The	0.0
797	2	woman	11.838908
797	3	painted	12.654413
797	4	the	3.753006
797	5	sign	13.238839
797	6	.	2.699813
798	1	The	0.0
798	2	woman	11.838908
798	3	painted	12.654413
798	4	the	3.753006
798	5	toenail	17.80405
798	6	.	2.125408
[0m